Vec Object: 1 MPI processes
  type: seq
0.
0.171954
0.200648
0.201834
0.201705
0.201682
0.201681
0.20168
0.
0.420177
0.486122
0.489927
0.489835
0.489799
0.489796
0.489794
0.
0.588628
0.658689
0.662692
0.66269
0.662666
0.662666
0.662662
0.
0.687108
0.719179
0.720263
0.720286
0.720287
0.720288
0.720287
1.22448
0.719754
0.665931
0.662625
0.662636
0.662661
0.662665
0.662666
1.46938
0.587064
0.494517
0.489694
0.489754
0.489791
0.489797
0.489799
0.734689
0.253882
0.203485
0.20154
0.201654
0.201678
0.201682
0.201682
0.
0.
0.
0.
0.
0.
0.
-0.034391
-0.00573876
-0.000237261
2.55723e-05
5.22117e-06
-1.22688e-08
8.86357e-20
-0.118427
-0.0189286
-0.0009972
4.4281e-05
1.12865e-05
5.6625e-07
-2.12403e-19
-0.236151
-0.0329398
-0.00179789
4.33833e-05
1.6881e-05
1.25368e-06
1.48592e-19
-0.373573
-0.0393547
-0.00201433
3.85196e-05
1.78926e-05
7.31356e-07
5.85354e-19
-0.272625
-0.0285913
-0.00135281
3.63754e-05
1.32267e-05
-3.84604e-07
4.12446e-19
-0.0961623
-0.0100801
-0.000387996
2.3974e-05
5.25221e-06
-6.15368e-07
-1.87444e-19
0.
0.
0.
0.
0.
0.
0.
23.7907
20.2412
16.1489
12.102
8.06728
4.03363
-1.51992e-18
23.4705
20.1825
16.1438
12.1018
8.06729
4.03363
-4.24763e-18
23.3288
20.1539
16.1388
12.1014
8.06728
4.03364
3.86103e-19
23.3801
20.1589
16.1347
12.1008
8.06724
4.03363
9.17638e-19
25.3515
20.196
16.1309
12.1003
8.06721
4.03363
-3.35029e-18
26.1011
20.1896
16.1258
12.0998
8.06719
4.03363
-6.33837e-18
25.6169
20.1092
16.1192
12.0996
8.06721
4.03364
-8.25652e-19
