Vec Object: 1 MPI processes
  type: seq
0.
0.0501475
0.0939088
0.105968
0.107522
0.10736
0.107204
0.107154
0.107144
0.107143
0.107143
0.107143
0.107143
0.107143
0.107143
0.
0.143742
0.254083
0.286305
0.29134
0.291286
0.290966
0.290847
0.29082
0.290816
0.290816
0.290816
0.290816
0.290816
0.290816
0.
0.232666
0.390253
0.4364
0.444214
0.444443
0.444075
0.443921
0.443883
0.443877
0.443877
0.443877
0.443878
0.443878
0.443878
0.
0.319683
0.504857
0.557209
0.566383
0.566868
0.56653
0.566373
0.566333
0.566326
0.566326
0.566326
0.566326
0.566327
0.566327
0.
0.408168
0.599203
0.649253
0.658011
0.658598
0.658336
0.658205
0.658169
0.658163
0.658163
0.658163
0.658163
0.658163
0.658163
0.
0.502112
0.6734
0.712605
0.719178
0.719666
0.719503
0.719416
0.719392
0.719388
0.719388
0.719388
0.719388
0.719388
0.719388
0.
0.606216
0.726155
0.746899
0.749875
0.750096
0.750041
0.75001
0.750002
0.75
0.75
0.75
0.75
0.75
0.75
0.397959
0.726066
0.754415
0.751392
0.750033
0.749907
0.74996
0.74999
0.749998
0.75
0.75
0.75
0.75
0.75
0.75
1.0102
0.836554
0.752822
0.725081
0.719546
0.719113
0.719273
0.71936
0.719384
0.719388
0.719388
0.719388
0.719388
0.719388
0.719388
1.37755
0.894363
0.714828
0.666927
0.658322
0.657731
0.657991
0.658122
0.658157
0.658163
0.658164
0.658163
0.658163
0.658163
0.658163
1.5
0.871002
0.634828
0.576141
0.566321
0.565786
0.566123
0.56628
0.56632
0.566327
0.566327
0.566327
0.566327
0.566327
0.566327
1.37755
0.750252
0.509467
0.452439
0.443599
0.44331
0.443679
0.443834
0.443872
0.443878
0.443878
0.443878
0.443878
0.443878
0.443878
1.0102
0.526521
0.338421
0.296213
0.290323
0.290342
0.290665
0.290786
0.290813
0.290817
0.290817
0.290816
0.290816
0.290816
0.290816
0.397959
0.203936
0.124789
0.108596
0.10676
0.106922
0.107081
0.107132
0.107142
0.107143
0.107143
0.107143
0.107143
0.107143
0.107143
0.
0.
0.
0.
0.
0.
0.
0.
0.
0.
0.
0.
0.
0.
-0.0100295
-0.00875227
-0.00241177
-0.000310834
3.2463e-05
3.10805e-05
1.0038e-05
2.06357e-06
2.19287e-07
-3.25601e-08
-2.46469e-08
-7.54162e-09
-1.50337e-09
4.82239e-18
-0.0387778
-0.0308206
-0.00885619
-0.0013178
4.33785e-05
9.4971e-05
3.3896e-05
7.53916e-06
9.58291e-07
-5.92234e-08
-7.61835e-08
-2.56309e-08
-5.49848e-09
6.92295e-18
-0.0853111
-0.062338
-0.0180855
-0.00288071
-2.36828e-06
0.000168656
6.4695e-05
1.51065e-05
2.10275e-06
-4.91868e-08
-1.36504e-07
-4.91122e-08
-1.1022e-08
1.39226e-17
-0.149248
-0.0993728
-0.0285558
-0.00471558
-9.93929e-05
0.000236345
9.59753e-05
2.31912e-05
3.41755e-06
-3.31642e-09
-1.9275e-07
-7.30496e-08
-1.6922e-08
1.15959e-17
-0.230881
-0.13758
-0.038566
-0.0064672
-0.00021678
0.000288714
0.000122348
3.02623e-05
4.62347e-06
5.82659e-08
-2.36904e-07
-9.32701e-08
-2.2078e-08
7.75449e-18
-0.331304
-0.171837
-0.046407
-0.00778172
-0.000314485
0.00032123
0.000139839
3.5063e-05
5.46604e-06
1.09377e-07
-2.64652e-07
-1.06668e-07
-2.55714e-08
2.90459e-18
-0.452547
-0.195825
-0.0505559
-0.00837694
-0.000358644
0.00033224
0.000146028
3.67732e-05
5.76943e-06
1.29156e-07
-2.74071e-07
-1.11347e-07
-2.6805e-08
-2.44954e-18
-0.518168
-0.201495
-0.0499513
-0.00810508
-0.00033335
0.000321465
0.00014009
3.51046e-05
5.47058e-06
1.0971e-07
-2.64644e-07
-1.0667e-07
-2.55719e-08
-7.80367e-18
-0.483438
-0.184748
-0.0444032
-0.00699814
-0.000246595
0.000289347
0.000122793
3.03337e-05
4.63108e-06
5.8808e-08
-2.36894e-07
-9.32744e-08
-2.20788e-08
-1.26536e-17
-0.386801
-0.148841
-0.0348229
-0.00527703
-0.000128552
0.000237495
9.65066e-05
2.32722e-05
3.42588e-06
-2.75513e-09
-1.92744e-07
-7.3055e-08
-1.6923e-08
-1.6495e-17
-0.261001
-0.101607
-0.0230857
-0.0033129
-2.16638e-05
0.000170156
6.51793e-05
1.51753e-05
2.10946e-06
-4.87749e-08
-1.36507e-07
-4.91173e-08
-1.10229e-08
-1.88217e-17
-0.135541
-0.0534495
-0.0116802
-0.00154496
3.61815e-05
9.63126e-05
3.42164e-05
7.58075e-06
9.62038e-07
-5.90293e-08
-7.61914e-08
-2.56345e-08
-5.49902e-09
-1.1822e-17
-0.0388047
-0.0158294
-0.00323858
-0.00036712
3.23928e-05
3.17257e-05
1.01536e-05
2.07676e-06
2.20317e-07
-3.25266e-08
-2.46526e-08
-7.543e-09
-1.50355e-09
-4.82239e-18
0.
0.
0.
0.
0.
0.
0.
0.
0.
0.
0.
0.
0.
0.
26.2429
25.756
23.7322
21.4909
19.3004
17.1449
14.9999
12.857
10.7142
8.57142
6.42857
4.28571
2.14286
-1.28476e-16
25.9928
25.5724
23.6734
21.4802
19.2999
17.1453
15.0001
12.8571
10.7142
8.57142
6.42857
4.28571
2.14286
-1.66582e-16
25.7917
25.448
23.6263
21.469
19.2983
17.1454
15.0003
12.8571
10.7143
8.57142
6.42857
4.28571
2.14286
-9.7995e-17
25.6565
25.3826
23.5927
21.4583
19.2961
17.1452
15.0003
12.8571
10.7143
8.57142
6.42857
4.28571
2.14286
-2.28564e-16
25.6038
25.378
23.5728
21.4487
19.2934
17.1447
15.0003
12.8571
10.7143
8.57142
6.42857
4.28571
2.14286
-2.4977e-16
25.6516
25.4364
23.5657
21.4403
19.2905
17.144
15.0002
12.8571
10.7143
8.57143
6.42857
4.28571
2.14286
-2.63889e-16
25.8205
25.5612
23.5688
21.4329
19.2874
17.1433
15.0001
12.8571
10.7143
8.57143
6.42857
4.28571
2.14286
-2.70948e-16
27.2498
25.7552
23.5776
21.4259
19.2843
17.1425
14.9999
12.8571
10.7143
8.57143
6.42857
4.28571
2.14286
-2.70948e-16
29.4124
25.9766
23.5854
21.4185
19.2812
17.1417
14.9998
12.8571
10.7143
8.57143
6.42857
4.28571
2.14286
-2.63889e-16
30.9878
26.1561
23.5842
21.41
19.2781
17.141
14.9997
12.8571
10.7143
8.57143
6.42857
4.28571
2.14286
-2.4977e-16
31.9626
26.2453
23.5671
21.3997
19.2753
17.1405
14.9997
12.8572
10.7143
8.57144
6.42857
4.28571
2.14286
-2.28564e-16
32.3394
26.2129
23.5295
21.3877
19.2729
17.1403
14.9997
12.8572
10.7143
8.57144
6.42857
4.28571
2.14286
-9.7995e-17
32.135
26.0428
23.4703
21.3747
19.2711
17.1403
14.9999
12.8572
10.7143
8.57144
6.42857
4.28571
2.14286
-9.7995e-17
31.3803
25.7319
23.392
21.362
19.2705
17.1408
15.0001
12.8573
10.7143
8.57144
6.42857
4.28571
2.14286
-1.28476e-16
