Vec Object: 1 MPI processes
  type: seq
0.
0.0157731
0.0494645
0.0688112
0.0762071
0.0783016
0.0789581
0.0794078
0.0797743
0.0801434
0.0805153
0.0807722
0.0808279
0.0808449
0.0806838
0.0805435
0.0803636
0.0802107
0.0800749
0.0800264
0.0801235
0.
0.0511443
0.139334
0.19071
0.210928
0.217082
0.218983
0.220235
0.22125
0.222288
0.223313
0.224011
0.224512
0.224701
0.224724
0.224614
0.224426
0.2242
0.224016
0.223925
0.224011
0.
0.0884836
0.221835
0.298629
0.329084
0.338667
0.341712
0.343507
0.345073
0.346718
0.348364
0.349647
0.350638
0.351275
0.35165
0.351781
0.351832
0.351734
0.351657
0.351637
0.351739
0.
0.127801
0.298646
0.394028
0.431704
0.443745
0.447643
0.449889
0.451904
0.454113
0.456328
0.458205
0.459716
0.460942
0.461731
0.462359
0.462734
0.462975
0.463082
0.463164
0.463258
0.
0.170819
0.371164
0.477999
0.519485
0.532935
0.53737
0.539976
0.542428
0.545067
0.547723
0.550106
0.55223
0.554022
0.555437
0.556579
0.557412
0.558004
0.55837
0.558552
0.558626
0.
0.220151
0.440602
0.551205
0.593055
0.606762
0.611402
0.614249
0.617025
0.62001
0.623078
0.625932
0.628644
0.631019
0.633038
0.634646
0.635984
0.6369
0.63754
0.637879
0.637816
0.
0.278652
0.507873
0.613911
0.652832
0.665566
0.670072
0.673088
0.676145
0.679451
0.682876
0.686171
0.68934
0.692198
0.694686
0.696808
0.698526
0.699858
0.700742
0.701168
0.701151
0.
0.349007
0.573063
0.666155
0.698921
0.709639
0.713771
0.716891
0.720188
0.723715
0.727368
0.731007
0.734509
0.73787
0.740727
0.743278
0.745357
0.746966
0.748042
0.748585
0.748477
0.
0.433931
0.635474
0.707498
0.73126
0.739178
0.742726
0.745904
0.749391
0.753047
0.756865
0.760707
0.76455
0.768143
0.771397
0.774166
0.776503
0.778288
0.779524
0.780119
0.780008
0.
0.537241
0.693603
0.737169
0.749742
0.75422
0.757027
0.76025
0.763841
0.767648
0.771626
0.775568
0.779549
0.783265
0.786628
0.789553
0.792031
0.793945
0.795254
0.795891
0.795733
0.285
0.664812
0.744564
0.753913
0.753957
0.754721
0.756845
0.760032
0.763772
0.767624
0.771588
0.775611
0.779524
0.783283
0.786614
0.789558
0.79202
0.793942
0.795253
0.795885
0.795792
0.765
0.802705
0.783894
0.756222
0.743427
0.740636
0.742116
0.745361
0.749106
0.752936
0.756829
0.760707
0.764525
0.768178
0.77137
0.774188
0.776499
0.778302
0.779518
0.780128
0.780019
1.125
0.923123
0.805871
0.742351
0.717642
0.711782
0.71275
0.715997
0.719768
0.723547
0.727333
0.730978
0.734567
0.737808
0.740769
0.743255
0.745358
0.746954
0.748053
0.748568
0.74853
1.365
1.00647
0.80472
0.71042
0.676123
0.667975
0.668665
0.671893
0.675593
0.679237
0.6828
0.686173
0.689327
0.692213
0.694685
0.696799
0.698553
0.699849
0.700738
0.701191
0.701117
1.485
1.03891
0.775316
0.658826
0.618357
0.608968
0.609615
0.612857
0.616396
0.619783
0.622994
0.625955
0.628635
0.631037
0.633006
0.634687
0.635941
0.636918
0.637539
0.637855
0.63787
1.485
1.01053
0.713511
0.58648
0.543972
0.534555
0.535308
0.538471
0.541762
0.544823
0.547655
0.550102
0.552231
0.55402
0.555449
0.556567
0.557432
0.558001
0.558368
0.558567
0.558549
1.365
0.914237
0.61655
0.492597
0.452781
0.444501
0.445441
0.448384
0.451294
0.453901
0.456267
0.458192
0.459766
0.460893
0.461767
0.462336
0.46275
0.462954
0.463091
0.463165
0.463232
1.125
0.745766
0.483435
0.377253
0.34473
0.338477
0.339614
0.342204
0.34454
0.346549
0.348306
0.349661
0.35063
0.351295
0.351619
0.35182
0.351808
0.351749
0.351655
0.351631
0.35172
0.765
0.503849
0.314959
0.241279
0.219885
0.216259
0.217375
0.219271
0.220896
0.222181
0.223267
0.224052
0.22448
0.224726
0.224714
0.224611
0.224427
0.224204
0.224008
0.223927
0.22405
0.285
0.190339
0.11403
0.0860641
0.0785897
0.0776523
0.0782194
0.0790215
0.0796389
0.0801058
0.0805151
0.0807432
0.0808788
0.080801
0.0807095
0.0805333
0.0803743
0.0801975
0.0800839
0.0800277
0.0801387
0.
0.
0.
0.
0.
0.
0.
0.
0.
0.
0.
0.
0.
0.
0.
0.
0.
0.
0.
0.
-0.00287112
-0.0066788
-0.00373175
-0.00115814
-6.84704e-05
0.000296545
0.000413952
0.000390191
0.000450834
0.000504622
0.000479553
0.000450016
0.000395781
0.000377535
0.000340615
0.000286479
0.00021342
0.000145987
7.0995e-05
-2.1901e-05
-0.0128774
-0.024229
-0.0138495
-0.00490571
-0.000925216
0.000362246
0.000664041
0.00065533
0.000767605
0.000871986
0.000861594
0.000807148
0.00074996
0.000712529
0.000662486
0.000566048
0.000433174
0.000296858
0.000146785
-4.02044e-05
-0.0303466
-0.0508052
-0.0290239
-0.0107268
-0.00244925
0.000220682
0.000797958
0.000815309
0.000967309
0.00110712
0.00111619
0.00106096
0.00101269
0.000970788
0.000925938
0.000789035
0.000621097
0.000421844
0.000206265
-6.09844e-05
-0.05567
-0.0848586
-0.0478801
-0.0180036
-0.0044564
-8.12012e-05
0.00083931
0.000898645
0.00106148
0.00121797
0.00124027
0.0012064
0.00115761
0.00114068
0.00107968
0.000938027
0.000735316
0.000506598
0.000242666
-7.33938e-05
-0.0896218
-0.124759
-0.0689813
-0.0260261
-0.00674671
-0.00049918
0.00081307
0.000916756
0.00107425
0.0012257
0.00124931
0.00122725
0.00119131
0.00118333
0.00112256
0.000988258
0.000774398
0.000536583
0.000258358
-7.79156e-05
-0.133458
-0.168648
-0.0908209
-0.0340898
-0.00909474
-0.0009812
0.000751216
0.000899087
0.00102226
0.00113448
0.00115283
0.00112847
0.00111109
0.00110153
0.00106415
0.000929322
0.000744348
0.000509305
0.000241709
-7.27602e-05
-0.188952
-0.21428
-0.111762
-0.0415362
-0.0112519
-0.00146065
0.000669066
0.000852402
0.000903753
0.000954682
0.000956701
0.000938436
0.000937267
0.000926483
0.000897644
0.000789728
0.000627312
0.000431887
0.000206996
-6.61672e-05
-0.258498
-0.258883
-0.13013
-0.0477301
-0.0130074
-0.00188182
0.000579185
0.000778178
0.000738766
0.00071574
0.000686053
0.000680239
0.000665042
0.000675195
0.000640029
0.00057169
0.000452357
0.000314599
0.000147883
-4.49633e-05
-0.345042
-0.299005
-0.144292
-0.0521076
-0.014197
-0.00218947
0.000484912
0.000674797
0.0005397
0.000433935
0.000369256
0.000354411
0.00034794
0.000346641
0.000336872
0.000300414
0.000240104
0.000164628
7.78734e-05
-2.95404e-05
-0.452278
-0.330075
-0.152746
-0.0542443
-0.0146983
-0.00234722
0.000388075
0.000552998
0.000306049
0.000115418
3.27662e-05
-1.31863e-07
6.68243e-06
-5.99746e-06
2.56703e-07
-2.1797e-06
1.1336e-06
-5.94376e-07
-2.78349e-07
5.67703e-07
-0.528041
-0.345798
-0.154341
-0.0538785
-0.0144604
-0.00236442
0.000299707
0.000398529
5.6693e-05
-0.000201894
-0.000320239
-0.000339863
-0.000343665
-0.00034984
-0.000339089
-0.000299958
-0.000239485
-0.000165861
-7.68522e-05
2.45041e-05
-0.535377
-0.341816
-0.148542
-0.0509612
-0.0135195
-0.00224849
0.000200148
0.000237086
-0.00018752
-0.000502097
-0.000639671
-0.000661267
-0.000673951
-0.000668044
-0.000652437
-0.00056758
-0.000455147
-0.00031204
-0.000149686
4.73389e-05
-0.494831
-0.318158
-0.135572
-0.0456815
-0.011971
-0.0020204
9.28302e-05
5.77525e-05
-0.000422157
-0.000773775
-0.000909011
-0.000935007
-0.00092397
-0.000937653
-0.000895394
-0.000788771
-0.000627788
-0.00043357
-0.000204014
6.42616e-05
-0.422954
-0.277612
-0.116446
-0.0385169
-0.00996412
-0.00171594
-2.2202e-05
-0.000126874
-0.000624911
-0.000988
-0.0011148
-0.00112213
-0.00110582
-0.00111079
-0.00105994
-0.000937036
-0.000737713
-0.000512058
-0.000245208
8.20972e-05
-0.333551
-0.224701
-0.0928619
-0.0301434
-0.00769551
-0.00137511
-0.000158216
-0.000305008
-0.000775018
-0.00111541
-0.00122861
-0.00121326
-0.00119383
-0.0011801
-0.00113119
-0.000978092
-0.000780283
-0.000535284
-0.000256163
7.39172e-05
-0.238446
-0.165151
-0.0671751
-0.0213744
-0.00539944
-0.00103361
-0.000295291
-0.000457834
-0.000855995
-0.00114834
-0.00122605
-0.00119374
-0.00116233
-0.00114054
-0.00108316
-0.000935588
-0.000736926
-0.000505263
-0.000243628
7.37241e-05
-0.148022
-0.105524
-0.0421335
-0.0131419
-0.00331701
-0.000727378
-0.000400281
-0.000551026
-0.000846521
-0.00107114
-0.00110629
-0.00106072
-0.00100064
-0.000985055
-0.000915988
-0.000794562
-0.000615377
-0.000426114
-0.000205936
6.19938e-05
-0.0718768
-0.0529875
-0.0206759
-0.00635965
-0.00165293
-0.000486494
-0.000436291
-0.000532505
-0.000716227
-0.000858207
-0.000859588
-0.000804115
-0.000746814
-0.00071524
-0.000666322
-0.000560534
-0.000435588
-0.000297107
-0.000146165
3.69159e-05
-0.0193143
-0.0151798
-0.00575525
-0.00179265
-0.000543827
-0.000281014
-0.000329226
-0.000368188
-0.000441257
-0.000501431
-0.000488807
-0.000435038
-0.000406584
-0.000370835
-0.000344803
-0.000282889
-0.000216278
-0.00014355
-7.15074e-05
1.85843e-05
0.
0.
0.
0.
0.
0.
0.
0.
0.
0.
0.
0.
0.
0.
0.
0.
0.
0.
0.
0.
30.5568
31.1312
30.1666
28.5024
26.6817
24.848
23.0159
21.1621
19.2917
17.4214
15.5502
13.6891
11.8519
10.0474
8.28468
6.56436
4.8826
3.23422
1.61095
0.000106514
30.4116
30.9171
30.0371
28.4481
26.6633
24.8422
23.0119
21.159
19.2893
17.419
15.5484
13.6882
11.8519
10.0484
8.2857
6.56551
4.88367
3.23511
1.61134
0.000373919
30.2647
30.7547
29.9331
28.3999
26.6446
24.8357
23.0076
21.1559
19.2875
17.4171
15.5467
13.6871
11.852
10.0492
8.28678
6.56646
4.88465
3.23585
1.61172
0.000280966
30.127
30.6436
29.8547
28.3593
26.6269
24.8286
23.0028
21.1531
19.2862
17.4157
15.5449
13.686
11.8519
10.0501
8.28769
6.56737
4.88542
3.23655
1.61205
0.000515745
30.0078
30.5841
29.8022
28.3268
26.6113
24.8207
22.9977
21.1506
19.2856
17.4144
15.5433
13.6848
11.852
10.0508
8.28869
6.56805
4.88614
3.23706
1.61237
0.000141805
29.9161
30.5768
29.7749
28.303
26.598
24.8128
22.9924
21.1488
19.2852
17.4136
15.5417
13.6838
11.8518
10.0517
8.28938
6.56874
4.88662
3.23757
1.61261
2.81183e-05
29.8653
30.6252
29.7724
28.2872
26.587
24.805
22.9875
21.1472
19.2854
17.4126
15.5405
13.6828
11.8519
10.0522
8.2902
6.56916
4.88711
3.23788
1.61284
-9.38695e-05
29.8721
30.7366
29.7936
28.2786
26.5774
24.7982
22.9831
21.1463
19.2853
17.4121
15.5393
13.6822
11.8517
10.0528
8.29059
6.56963
4.88734
3.23821
1.61297
0.000437583
29.9551
30.9191
29.8371
28.2758
26.5693
24.792
22.9798
21.1453
19.2854
17.4114
15.5387
13.6815
11.8518
10.053
8.29112
6.5698
4.88763
3.23832
1.6131
0.000314062
30.1379
31.183
29.899
28.2774
26.5617
24.7869
22.9771
21.1449
19.2851
17.4112
15.5382
13.6815
11.8516
10.0533
8.29115
6.57003
4.88764
3.23848
1.61314
0.000238915
31.5876
31.5381
29.9736
28.2813
26.5548
24.7822
22.9755
21.1443
19.2851
17.4108
15.5383
13.6813
11.8518
10.0532
8.29132
6.56994
4.88772
3.23841
1.61317
-0.000358024
33.9361
31.9508
30.0517
28.2852
26.5476
24.7782
22.9744
21.1442
19.2848
17.4111
15.5385
13.6818
11.8516
10.0531
8.29098
6.56991
4.88754
3.23839
1.61309
0.000336392
35.8936
32.3574
30.123
28.2858
26.5399
24.7747
22.9743
21.1439
19.2847
17.4112
15.5393
13.6822
11.8519
10.0526
8.29077
6.56957
4.88741
3.23814
1.613
0.000565667
37.4479
32.7094
30.1757
28.2806
26.5307
24.7723
22.9749
21.1441
19.2844
17.412
15.5402
13.6832
11.8517
10.0522
8.2901
6.56929
4.88702
3.23794
1.61283
0.000502856
38.5972
32.9707
30.2008
28.2672
26.5207
24.7705
22.9765
21.1443
19.2845
17.4127
15.5418
13.684
11.8519
10.0515
8.28957
6.56871
4.88666
3.23752
1.61265
-0.000550776
39.346
33.1148
30.19
28.2451
26.5097
24.7694
22.9783
21.1454
19.2846
17.4139
15.5433
13.6853
11.8518
10.0508
8.28867
6.56815
4.88605
3.23711
1.61238
7.21144e-06
39.7097
33.1245
30.1376
28.2134
26.4986
24.7683
22.9807
21.1471
19.2856
17.4152
15.5452
13.6864
11.8519
10.0499
8.28789
6.56735
4.88541
3.23651
1.61208
0.000675815
39.7118
32.9898
30.0404
28.1721
26.4874
24.7675
22.9832
21.1498
19.2871
17.417
15.547
13.6877
11.8518
10.0491
8.28686
6.56652
4.88455
3.23588
1.61174
0.000415515
39.381
32.7023
29.8976
28.1221
26.4767
24.7676
22.9866
21.1533
19.2896
17.4191
15.549
13.6887
11.8518
10.0482
8.2859
6.56549
4.88362
3.23509
1.61138
-6.57065e-05
38.7541
32.2558
29.7117
28.0656
26.467
24.7694
22.9912
21.1577
19.2926
17.4218
15.5509
13.6898
11.8516
10.0475
8.2848
6.5644
4.88248
3.23425
1.61097
0.000431009
