Vec Object: 1 MPI processes
  type: seq
-4.39783e-07
0.202539
0.331429
0.364407
0.364447
7.63226e-07
0.55116
0.687465
0.728889
0.728893
1.125
0.981599
0.850097
0.78347
0.783425
1.125
0.514731
0.381006
0.373256
0.373261
-2.86898e-06
1.46642e-07
-6.42227e-06
3.36023e-06
-0.0405108
-0.025778
-0.00660211
-4.01648e-06
-0.150742
-0.0530392
-0.0148874
-3.95836e-06
-0.122061
-0.0267393
-0.00156204
5.45455e-06
-6.68715e-06
5.61783e-06
-1.15224e-05
4.244e-06
19.0344
14.904
7.61695
3.25969e-05
18.6261
14.6998
7.42916
3.48705e-06
20.2445
13.6074
6.9871
-3.80134e-05
23.348
12.4774
6.71975
3.46959e-06
