Vec Object: 1 MPI processes
  type: seq
1.72811e-06
0.273799
0.365771
0.374178
0.374177
-1.9822e-07
0.58681
0.711094
0.741651
0.741647
1.125
0.895071
0.791335
0.759247
0.759244
1.125
0.494325
0.3818
0.374929
0.37493
-3.16942e-07
-1.4853e-07
1.15377e-06
-6.84289e-07
-0.0547596
-0.0183941
-0.00168004
-5.0447e-07
-0.172121
-0.0432516
-0.00779223
9.65789e-08
-0.126134
-0.0225048
-0.00137506
5.77818e-07
8.99196e-07
7.75114e-07
-7.54768e-07
5.63378e-07
23.0134
15.6508
7.67017
-4.55923e-07
22.5783
15.4577
7.58411
-2.56544e-06
23.8261
14.8386
7.41586
-2.06194e-06
25.6456
14.302
7.30529
3.65623e-07
