Vec Object: 1 MPI processes
  type: seq
0.
-0.00225561
0.00322069
0.0127699
0.0219801
0.0288866
0.0333185
0.0358346
0.0370979
0.0376356
0.0377985
0.0377934
0.0377299
0.0376592
0.0376008
0.0375592
0.0375321
0.0375159
0.0375068
0.0375022
0.0375002
0.0374994
0.0374993
0.0374994
0.0374995
0.0374997
0.0374998
0.0374999
0.0374999
0.0375
0.0375
0.0375
0.0375
0.0375
0.0375
0.0375
0.0375
0.0375
0.0375
0.0375
0.0375
0.
-0.00352432
0.0123263
0.0386686
0.064174
0.0835347
0.0961529
0.103454
0.107216
0.108888
0.109455
0.109507
0.109367
0.109187
0.109032
0.108919
0.108843
0.108797
0.108771
0.108758
0.108751
0.108749
0.108748
0.108748
0.108749
0.108749
0.108749
0.10875
0.10875
0.10875
0.10875
0.10875
0.10875
0.10875
0.10875
0.10875
0.10875
0.10875
0.10875
0.10875
0.10875
0.
-0.00245654
0.0235838
0.0649621
0.104906
0.135398
0.155457
0.167208
0.173367
0.176181
0.177198
0.177359
0.177183
0.176925
0.176692
0.176517
0.1764
0.176327
0.176286
0.176263
0.176253
0.176249
0.176247
0.176247
0.176248
0.176249
0.176249
0.17625
0.17625
0.17625
0.17625
0.17625
0.17625
0.17625
0.17625
0.17625
0.17625
0.17625
0.17625
0.17625
0.17625
0.
0.000299941
0.0366105
0.0916847
0.14443
0.184768
0.211469
0.22726
0.23565
0.239571
0.241056
0.24136
0.241182
0.240871
0.240578
0.240354
0.240201
0.240105
0.240049
0.240019
0.240005
0.239999
0.239997
0.239997
0.239998
0.239998
0.239999
0.239999
0.24
0.24
0.24
0.24
0.24
0.24
0.24
0.24
0.24
0.24
0.24
0.24
0.24
0.
0.00430044
0.0511435
0.11888
0.182961
0.231891
0.264395
0.283757
0.29416
0.299109
0.301057
0.301524
0.301369
0.301027
0.300691
0.300427
0.300245
0.30013
0.300062
0.300025
0.300007
0.299999
0.299997
0.299996
0.299997
0.299998
0.299999
0.299999
0.3
0.3
0.3
0.3
0.3
0.3
0.3
0.3
0.3
0.3
0.3
0.3
0.3
0.
0.00926311
0.0670292
0.14661
0.220683
0.276974
0.314411
0.336826
0.348977
0.354846
0.357226
0.357863
0.357749
0.357394
0.357029
0.356737
0.356532
0.356401
0.356323
0.356281
0.356259
0.35625
0.356247
0.356246
0.356247
0.356248
0.356249
0.356249
0.356249
0.35625
0.35625
0.35625
0.35625
0.35625
0.35625
0.35625
0.35625
0.35625
0.35625
0.35625
0.35625
0.
0.0150408
0.0842158
0.174956
0.257754
0.320189
0.361664
0.386575
0.400174
0.406823
0.409587
0.410389
0.410327
0.409974
0.409593
0.409282
0.409061
0.408918
0.408833
0.408785
0.408761
0.408751
0.408747
0.408746
0.408747
0.408748
0.408748
0.408749
0.408749
0.40875
0.40875
0.40875
0.40875
0.40875
0.40875
0.40875
0.40875
0.40875
0.40875
0.40875
0.40875
0.
0.0216032
0.102746
0.204022
0.29431
0.361673
0.406271
0.433092
0.44781
0.45508
0.458164
0.459113
0.459109
0.458769
0.458383
0.458062
0.457831
0.457681
0.45759
0.457539
0.457513
0.457501
0.457497
0.457496
0.457497
0.457497
0.457498
0.457499
0.457499
0.4575
0.4575
0.4575
0.4575
0.4575
0.4575
0.4575
0.4575
0.4575
0.4575
0.4575
0.4575
0.
0.0290289
0.122752
0.233936
0.330467
0.401532
0.448321
0.476447
0.491936
0.499648
0.502974
0.504047
0.5041
0.503782
0.503401
0.503078
0.502843
0.502689
0.502595
0.502542
0.502515
0.502502
0.502497
0.502496
0.502497
0.502497
0.502498
0.502499
0.502499
0.5025
0.5025
0.5025
0.5025
0.5025
0.5025
0.5025
0.5025
0.5025
0.5025
0.5025
0.5025
0.
0.0375056
0.144452
0.264841
0.366321
0.43984
0.487877
0.51669
0.532588
0.540553
0.544035
0.545201
0.545306
0.545016
0.544648
0.54433
0.544097
0.543942
0.543848
0.543794
0.543766
0.543753
0.543748
0.543746
0.543747
0.543747
0.543748
0.543749
0.543749
0.54375
0.54375
0.54375
0.54375
0.54375
0.54375
0.54375
0.54375
0.54375
0.54375
0.54375
0.54375
0.
0.0473398
0.168148
0.296897
0.401943
0.47664
0.524975
0.553854
0.569794
0.577816
0.58136
0.582583
0.582732
0.582473
0.582125
0.581819
0.581592
0.581441
0.581348
0.581294
0.581266
0.581253
0.581248
0.581246
0.581247
0.581247
0.581248
0.581249
0.581249
0.58125
0.58125
0.58125
0.58125
0.58125
0.58125
0.58125
0.58125
0.58125
0.58125
0.58125
0.58125
0.
0.0589763
0.194222
0.330267
0.437377
0.511944
0.559624
0.587952
0.603568
0.611449
0.61496
0.616201
0.616383
0.616156
0.615834
0.615545
0.61533
0.615185
0.615095
0.615044
0.615017
0.615004
0.614998
0.614997
0.614997
0.614998
0.614998
0.614999
0.614999
0.615
0.615
0.615
0.615
0.615
0.615
0.615
0.615
0.615
0.615
0.615
0.615
0.
0.0730288
0.223135
0.365111
0.472638
0.545727
0.591809
0.618979
0.633914
0.64146
0.644843
0.64606
0.646263
0.646069
0.645776
0.64551
0.64531
0.645174
0.64509
0.645042
0.645016
0.645004
0.644999
0.644997
0.644997
0.644998
0.644998
0.644999
0.644999
0.645
0.645
0.645
0.645
0.645
0.645
0.645
0.645
0.645
0.645
0.645
0.645
0.
0.0903247
0.255416
0.401567
0.507698
0.577934
0.621486
0.646915
0.660827
0.667851
0.671012
0.672166
0.672376
0.672213
0.671953
0.671714
0.671533
0.67141
0.671333
0.671289
0.671265
0.671254
0.671249
0.671247
0.671247
0.671248
0.671249
0.671249
0.671249
0.67125
0.67125
0.67125
0.67125
0.67125
0.67125
0.67125
0.67125
0.67125
0.67125
0.67125
0.67125
0.
0.111967
0.29165
0.439738
0.542484
0.608469
0.648587
0.671722
0.684289
0.690617
0.69347
0.694521
0.694726
0.694592
0.694368
0.694159
0.694
0.693892
0.693824
0.693785
0.693764
0.693753
0.693749
0.693748
0.693748
0.693748
0.693749
0.693749
0.69375
0.69375
0.69375
0.69375
0.69375
0.69375
0.69375
0.69375
0.69375
0.69375
0.69375
0.69375
0.69375
0.
0.139417
0.332455
0.479667
0.576868
0.6372
0.67302
0.693347
0.704277
0.70975
0.712215
0.713129
0.713314
0.713207
0.713021
0.712846
0.712712
0.712621
0.712563
0.71253
0.712512
0.712503
0.712499
0.712498
0.712498
0.712499
0.712499
0.712499
0.7125
0.7125
0.7125
0.7125
0.7125
0.7125
0.7125
0.7125
0.7125
0.7125
0.7125
0.7125
0.7125
0.
0.174611
0.378438
0.521306
0.610656
0.663955
0.694668
0.711723
0.720756
0.725236
0.727245
0.72799
0.728145
0.728063
0.727916
0.727777
0.72767
0.727597
0.727551
0.727524
0.72751
0.727503
0.7275
0.727499
0.727499
0.727499
0.727499
0.727499
0.7275
0.7275
0.7275
0.7275
0.7275
0.7275
0.7275
0.7275
0.7275
0.7275
0.7275
0.7275
0.7275
0.
0.220107
0.430123
0.56449
0.643583
0.68852
0.713392
0.726768
0.733685
0.737058
0.738553
0.739104
0.739219
0.73916
0.739053
0.738952
0.738874
0.738821
0.738787
0.738768
0.738757
0.738752
0.73875
0.738749
0.738749
0.738749
0.738749
0.73875
0.73875
0.73875
0.73875
0.73875
0.73875
0.73875
0.73875
0.73875
0.73875
0.73875
0.73875
0.73875
0.73875
0.
0.279287
0.487845
0.608895
0.675304
0.710641
0.72903
0.738392
0.743018
0.745194
0.746133
0.746471
0.746539
0.746501
0.746435
0.746373
0.746326
0.746293
0.746273
0.746261
0.746254
0.746251
0.74625
0.746249
0.746249
0.746249
0.74625
0.74625
0.74625
0.74625
0.74625
0.74625
0.74625
0.74625
0.74625
0.74625
0.74625
0.74625
0.74625
0.74625
0.74625
0.
0.356627
0.551576
0.654007
0.705389
0.730028
0.741403
0.746493
0.748702
0.749622
0.749977
0.75009
0.750107
0.750089
0.750064
0.750042
0.750026
0.750015
0.750008
0.750004
0.750001
0.75
0.75
0.75
0.75
0.75
0.75
0.75
0.75
0.75
0.75
0.75
0.75
0.75
0.75
0.75
0.75
0.75
0.75
0.75
0.75
0.14625
0.458044
0.620657
0.699088
0.733325
0.746352
0.750316
0.750962
0.750682
0.750316
0.750075
0.749959
0.749923
0.749925
0.749942
0.74996
0.749975
0.749986
0.749992
0.749996
0.749999
0.75
0.75
0.75
0.75
0.75
0.75
0.75
0.75
0.75
0.75
0.75
0.75
0.75
0.75
0.75
0.75
0.75
0.75
0.75
0.75
0.41625
0.579671
0.69341
0.743169
0.758517
0.759255
0.75556
0.751686
0.748901
0.747251
0.746418
0.746077
0.745989
0.746013
0.746071
0.746129
0.746175
0.746207
0.746227
0.746239
0.746246
0.746249
0.74625
0.746251
0.746251
0.746251
0.74625
0.74625
0.74625
0.74625
0.74625
0.74625
0.74625
0.74625
0.74625
0.74625
0.74625
0.74625
0.74625
0.74625
0.74625
0.65625
0.70934
0.767243
0.78507
0.780306
0.768354
0.75692
0.748548
0.743301
0.7404
0.738998
0.738441
0.738307
0.738353
0.738453
0.73855
0.738627
0.738679
0.738713
0.738732
0.738743
0.738748
0.73875
0.738751
0.738751
0.738751
0.738751
0.73875
0.73875
0.73875
0.73875
0.73875
0.73875
0.73875
0.73875
0.73875
0.73875
0.73875
0.73875
0.73875
0.73875
0.86625
0.837903
0.839201
0.823468
0.797981
0.773252
0.754175
0.741433
0.733825
0.72974
0.727804
0.727051
0.726879
0.726949
0.727089
0.727225
0.727331
0.727403
0.727449
0.727476
0.72749
0.727497
0.7275
0.727501
0.727501
0.727501
0.727501
0.727501
0.7275
0.7275
0.7275
0.7275
0.7275
0.7275
0.7275
0.7275
0.7275
0.7275
0.7275
0.7275
0.7275
1.04625
0.958496
0.906298
0.85696
0.810799
0.773541
0.747107
0.730228
0.72042
0.715248
0.712832
0.711907
0.711706
0.711802
0.711983
0.712155
0.712288
0.712379
0.712437
0.71247
0.712488
0.712497
0.712501
0.712502
0.712502
0.712501
0.712501
0.712501
0.7125
0.7125
0.7125
0.7125
0.7125
0.7125
0.7125
0.7125
0.7125
0.7125
0.7125
0.7125
0.7125
1.19625
1.06598
0.965712
0.884129
0.818014
0.768822
0.735506
0.714829
0.703036
0.696903
0.694073
0.693008
0.69279
0.692916
0.693135
0.693342
0.6935
0.693608
0.693676
0.693715
0.693736
0.693746
0.693751
0.693752
0.693752
0.693752
0.693751
0.693751
0.69375
0.69375
0.69375
0.69375
0.69375
0.69375
0.69375
0.69375
0.69375
0.69375
0.69375
0.69375
0.69375
1.31625
1.15653
1.0149
0.903604
0.818894
0.758707
0.719172
0.695137
0.681632
0.67469
0.671526
0.670357
0.670135
0.670292
0.670549
0.670786
0.670967
0.67109
0.671167
0.671211
0.671235
0.671246
0.671251
0.671253
0.671253
0.671252
0.671251
0.671251
0.671251
0.67125
0.67125
0.67125
0.67125
0.67125
0.67125
0.67125
0.67125
0.67125
0.67125
0.67125
0.67125
1.40625
1.22729
1.05162
0.914097
0.812744
0.742836
0.697928
0.671071
0.656171
0.648598
0.645188
0.643954
0.643743
0.643933
0.644225
0.64449
0.64469
0.644826
0.64491
0.644958
0.644984
0.644996
0.645001
0.645003
0.645003
0.645002
0.645002
0.645001
0.645001
0.645
0.645
0.645
0.645
0.645
0.645
0.645
0.645
0.645
0.645
0.645
0.645
1.46625
1.27619
1.07399
0.914442
0.798928
0.720883
0.671617
0.642563
0.62663
0.61862
0.615061
0.613804
0.613617
0.613843
0.614166
0.614454
0.61467
0.614815
0.614905
0.614956
0.614983
0.614996
0.615002
0.615003
0.615003
0.615002
0.615002
0.615001
0.615001
0.615
0.615
0.615
0.615
0.615
0.615
0.615
0.615
0.615
0.615
0.615
0.615
1.49625
1.30171
1.08043
0.903613
0.776883
0.69257
0.640114
0.609563
0.592995
0.584757
0.581149
0.579913
0.579763
0.580024
0.580373
0.58068
0.580908
0.581059
0.581152
0.581206
0.581234
0.581247
0.581252
0.581254
0.581253
0.581253
0.581252
0.581251
0.581251
0.58125
0.58125
0.58125
0.58125
0.58125
0.58125
0.58125
0.58125
0.58125
0.58125
0.58125
0.58125
1.49625
1.30277
1.06968
0.880744
0.746137
0.657674
0.603329
0.572045
0.555262
0.547016
0.543462
0.542285
0.542184
0.542479
0.542849
0.543169
0.543403
0.543558
0.543652
0.543706
0.543734
0.543747
0.543752
0.543754
0.543753
0.543753
0.543752
0.543751
0.543751
0.54375
0.54375
0.54375
0.54375
0.54375
0.54375
0.54375
0.54375
0.54375
0.54375
0.54375
0.54375
1.46625
1.27861
1.04074
0.845133
0.706319
0.616037
0.561213
0.530003
0.513444
0.505409
0.502009
0.50093
0.500886
0.50121
0.501595
0.501921
0.502156
0.502311
0.502405
0.502458
0.502485
0.502498
0.502503
0.502504
0.502503
0.502503
0.502502
0.502501
0.502501
0.5025
0.5025
0.5025
0.5025
0.5025
0.5025
0.5025
0.5025
0.5025
0.5025
0.5025
0.5025
1.40625
1.22872
0.992855
0.796251
0.657171
0.567572
0.513759
0.48346
0.467567
0.459958
0.456805
0.455857
0.455873
0.456222
0.456613
0.456936
0.457168
0.457319
0.45741
0.457461
0.457487
0.457499
0.457503
0.457504
0.457503
0.457503
0.457502
0.457501
0.457501
0.4575
0.4575
0.4575
0.4575
0.4575
0.4575
0.4575
0.4575
0.4575
0.4575
0.4575
0.4575
1.31625
1.15277
0.925491
0.733744
0.598559
0.512273
0.461008
0.432464
0.417669
0.41069
0.407868
0.407075
0.407153
0.407516
0.407903
0.408217
0.408439
0.408582
0.408667
0.408715
0.408739
0.408749
0.408753
0.408754
0.408753
0.408752
0.408752
0.408751
0.408751
0.40875
0.40875
0.40875
0.40875
0.40875
0.40875
0.40875
0.40875
0.40875
0.40875
0.40875
0.40875
1.19625
1.05051
0.838292
0.657436
0.53048
0.450218
0.403053
0.377092
0.363805
0.357641
0.355219
0.354597
0.354729
0.355096
0.355467
0.355762
0.355967
0.356099
0.356177
0.356219
0.356241
0.35625
0.356253
0.356254
0.356253
0.356252
0.356251
0.356251
0.356251
0.35625
0.35625
0.35625
0.35625
0.35625
0.35625
0.35625
0.35625
0.35625
0.35625
0.35625
0.35625
1.04625
0.921765
0.731068
0.567331
0.453072
0.381574
0.340037
0.317448
0.306045
0.300853
0.298881
0.298435
0.29861
0.298964
0.299305
0.299571
0.299754
0.29987
0.299938
0.299975
0.299993
0.300001
0.300003
0.300004
0.300003
0.300002
0.300001
0.300001
0.3
0.3
0.3
0.3
0.3
0.3
0.3
0.3
0.3
0.3
0.3
0.3
0.3
0.86625
0.766295
0.603766
0.463622
0.366619
0.306604
0.27216
0.253667
0.244471
0.240373
0.238881
0.238601
0.238798
0.239121
0.239418
0.239645
0.239799
0.239895
0.239951
0.239981
0.239995
0.240001
0.240003
0.240003
0.240002
0.240002
0.240001
0.240001
0.24
0.24
0.24
0.24
0.24
0.24
0.24
0.24
0.24
0.24
0.24
0.24
0.24
0.65625
0.583751
0.456458
0.346704
0.271563
0.225668
0.199673
0.185909
0.179179
0.176254
0.175245
0.175108
0.175301
0.175569
0.175805
0.175982
0.1761
0.176173
0.176214
0.176237
0.176247
0.176251
0.176253
0.176253
0.176252
0.176251
0.176251
0.17625
0.17625
0.17625
0.17625
0.17625
0.17625
0.17625
0.17625
0.17625
0.17625
0.17625
0.17625
0.17625
0.17625
0.41625
0.373534
0.289344
0.217188
0.168513
0.139227
0.122881
0.114362
0.110277
0.108556
0.108004
0.10797
0.108123
0.108308
0.108466
0.108581
0.108657
0.108703
0.108729
0.108742
0.108749
0.108751
0.108752
0.108752
0.108751
0.108751
0.108751
0.10875
0.10875
0.10875
0.10875
0.10875
0.10875
0.10875
0.10875
0.10875
0.10875
0.10875
0.10875
0.10875
0.10875
0.14625
0.134628
0.102762
0.075931
0.0582515
0.0478381
0.0421418
0.0392364
0.0378819
0.0373375
0.0371843
0.0371978
0.0372662
0.0373392
0.0373986
0.0374407
0.0374679
0.0374841
0.0374932
0.0374978
0.0374998
0.0375006
0.0375007
0.0375006
0.0375005
0.0375003
0.0375002
0.0375001
0.0375001
0.0375
0.0375
0.0375
0.0375
0.0375
0.0375
0.0375
0.0375
0.0375
0.0375
0.0375
0.0375
0.
0.
0.
0.
0.
0.
0.
0.
0.
0.
0.
0.
0.
0.
0.
0.
0.
0.
0.
0.
0.
0.
0.
0.
0.
0.
0.
0.
0.
0.
0.
0.
0.
0.
0.
0.
0.
0.
0.
0.
0.000451122
-0.00109526
-0.00190984
-0.00184205
-0.00138129
-0.00088638
-0.000503233
-0.00025266
-0.000107541
-3.25722e-05
1.02261e-06
1.27017e-05
1.41402e-05
1.16642e-05
8.33609e-06
5.41228e-06
3.24741e-06
1.80507e-06
9.19831e-07
4.16189e-07
1.52234e-07
2.77758e-08
-2.16426e-08
-3.43882e-08
-3.16126e-08
-2.39876e-08
-1.62699e-08
-1.01439e-08
-5.8645e-09
-3.13212e-09
-1.51636e-09
-6.31535e-10
-1.88833e-10
5.84789e-12
7.25332e-11
7.99572e-11
6.42712e-11
4.23828e-11
2.06205e-11
-2.16359e-20
0.00115599
-0.00426538
-0.0071783
-0.00694313
-0.00525343
-0.00341002
-0.00196354
-0.00100504
-0.000441951
-0.000145834
-9.47474e-06
4.08311e-05
4.99685e-05
4.26507e-05
3.10934e-05
2.0489e-05
1.24566e-05
7.01924e-06
3.63693e-06
1.68684e-06
6.48942e-07
1.48963e-07
-5.74335e-08
-1.17603e-07
-1.13916e-07
-8.86499e-08
-6.11478e-08
-3.86508e-08
-2.26408e-08
-1.22711e-08
-6.05816e-09
-2.60801e-09
-8.51222e-10
-5.72893e-11
2.31691e-10
2.81434e-10
2.33851e-10
1.5681e-10
7.69588e-11
2.05913e-18
0.00164729
-0.00947344
-0.015454
-0.0149319
-0.0113519
-0.00742174
-0.00431376
-0.0022368
-0.00100488
-0.000349155
-4.1667e-05
7.60757e-05
0.000101588
8.91592e-05
6.60108e-05
4.39863e-05
2.70026e-05
1.53662e-05
8.05532e-06
3.79934e-06
1.50936e-06
3.89898e-07
-8.40937e-08
-2.32335e-07
-2.35334e-07
-1.86855e-07
-1.30558e-07
-8.33733e-08
-4.93082e-08
-2.70054e-08
-1.35139e-08
-5.9464e-09
-2.04559e-09
-2.50093e-10
4.2874e-10
5.70154e-10
4.86889e-10
3.30812e-10
1.63446e-10
2.0375e-18
0.00158731
-0.0167356
-0.0264688
-0.025481
-0.0194194
-0.0127619
-0.00747205
-0.00391488
-0.00178894
-0.000646245
-0.000102519
0.000111766
0.000163837
0.000147648
0.000110863
7.46106e-05
4.61911e-05
2.65081e-05
1.40331e-05
6.71035e-06
2.73379e-06
7.66096e-07
-8.40456e-08
-3.63985e-07
-3.85383e-07
-3.11766e-07
-2.20381e-07
-1.42008e-07
-8.46848e-08
-4.67945e-08
-2.36812e-08
-1.06054e-08
-3.79573e-09
-6.14158e-10
6.24604e-10
9.16211e-10
8.03205e-10
5.52399e-10
2.74586e-10
2.01586e-18
0.000727217
-0.0261042
-0.0400161
-0.0382972
-0.0292053
-0.0192628
-0.0113445
-0.00599541
-0.00277886
-0.00103572
-0.000196016
0.000142816
0.000232304
0.000214872
0.000163499
0.000111048
6.92789e-05
4.00582e-05
2.13901e-05
1.03499e-05
4.30563e-06
1.28313e-06
-4.51288e-08
-5.00645e-07
-5.54749e-07
-4.56938e-07
-3.2653e-07
-2.12157e-07
-1.27467e-07
-7.09927e-08
-3.62806e-08
-1.64925e-08
-6.09407e-09
-1.17327e-09
7.89554e-10
1.29416e-09
1.1645e-09
8.10233e-10
4.0505e-10
1.99422e-18
-0.00112541
-0.0376574
-0.0559323
-0.0531118
-0.0404635
-0.0267503
-0.0158274
-0.00842559
-0.00395263
-0.00151171
-0.000323445
0.000165628
0.000303319
0.000287905
0.000221871
0.00015199
9.5493e-05
5.5594e-05
2.99155e-05
1.46259e-05
6.19359e-06
1.93764e-06
3.97932e-08
-6.3301e-07
-7.35326e-07
-6.1639e-07
-4.45029e-07
-2.9138e-07
-1.76268e-07
-9.88728e-08
-5.0969e-08
-2.34713e-08
-8.90539e-09
-1.93498e-09
9.02693e-10
1.68299e-09
1.55445e-09
1.09376e-09
5.49754e-10
1.97259e-18
-0.00413356
-0.0514924
-0.0740803
-0.0696714
-0.0529504
-0.0350455
-0.0208096
-0.0111453
-0.00528259
-0.00206451
-0.000483694
0.000177971
0.000373926
0.000364154
0.000284057
0.000196156
0.000124047
7.26685e-05
3.93753e-05
1.94279e-05
8.35405e-06
2.71851e-06
1.73315e-07
-7.54224e-07
-9.20211e-07
-7.84655e-07
-5.72064e-07
-3.77246e-07
-2.29651e-07
-1.29649e-07
-6.73538e-08
-3.13697e-08
-1.21708e-08
-2.89246e-09
9.51256e-10
2.06592e-09
1.95881e-09
1.3933e-09
7.0392e-10
1.95095e-18
-0.00845419
-0.0677209
-0.0943356
-0.0877289
-0.0664229
-0.0439651
-0.0261738
-0.0140889
-0.00673659
-0.00268121
-0.000673597
0.000178838
0.000441835
0.000441354
0.000348279
0.000242312
0.000154158
9.08211e-05
4.95189e-05
2.46321e-05
1.07334e-05
3.60804e-06
3.54041e-07
-8.59682e-07
-1.10366e-06
-9.56806e-07
-7.04028e-07
-4.67369e-07
-2.8616e-07
-1.62497e-07
-8.5006e-08
-3.99868e-08
-1.58117e-08
-4.02648e-09
9.2976e-10
2.43016e-09
2.36531e-09
1.7001e-09
8.63118e-10
1.92932e-18
-0.01426
-0.0864655
-0.116572
-0.107035
-0.0806358
-0.0533229
-0.0317991
-0.0171866
-0.00827908
-0.00334636
-0.000888275
0.000168282
0.000505367
0.000517564
0.000412909
0.000289285
0.000185058
0.000109588
6.00869e-05
3.01049e-05
1.32704e-05
4.58322e-06
5.77189e-07
-9.46781e-07
-1.28105e-06
-1.12847e-06
-8.37558e-07
-5.59449e-07
-3.4435e-07
-1.96577e-07
-1.03473e-07
-4.91013e-08
-1.97343e-08
-5.30755e-09
8.39046e-10
2.76658e-09
2.76365e-09
2.00636e-09
1.02329e-09
1.90768e-18
-0.0217611
-0.107855
-0.14065
-0.127331
-0.0953396
-0.0629303
-0.0375618
-0.0203662
-0.00987214
-0.00404266
-0.0011215
0.000147245
0.000563384
0.000591148
0.000476479
0.000335972
0.000216007
0.000128511
7.08164e-05
3.57073e-05
1.58986e-05
5.61704e-06
8.35227e-07
-1.01465e-06
-1.44873e-06
-1.2958e-06
-9.69555e-07
-6.51297e-07
-4.02813e-07
-2.31049e-07
-1.22291e-07
-5.84787e-08
-2.38337e-08
-6.69815e-09
6.85245e-10
3.06924e-09
3.14535e-09
2.30522e-09
1.18078e-09
1.88604e-18
-0.031229
-0.132016
-0.1664
-0.14834
-0.110279
-0.0725973
-0.0433376
-0.0235541
-0.0114766
-0.00475154
-0.00136606
0.000117377
0.000615212
0.000660752
0.00053768
0.000381355
0.000246301
0.000147146
8.14476e-05
4.12987e-05
1.85488e-05
6.67975e-06
1.11852e-06
-1.06384e-06
-1.60396e-06
-1.45549e-06
-1.0972e-06
-7.40861e-07
-4.60196e-07
-2.6509e-07
-1.40996e-07
-6.78783e-08
-2.7998e-08
-8.15494e-09
4.78693e-10
3.33497e-09
3.50358e-09
2.59072e-09
1.33232e-09
1.86441e-18
-0.0430243
-0.159065
-0.193609
-0.169762
-0.125192
-0.0821334
-0.049003
-0.0266773
-0.0130528
-0.00545386
-0.00161411
8.08545e-05
0.000660562
0.000725275
0.000595356
0.000424502
0.000275283
0.000165071
9.17287e-05
4.67402e-05
2.11508e-05
7.74011e-06
1.416e-06
-1.09604e-06
-1.74481e-06
-1.60473e-06
-1.21797e-06
-8.26248e-07
-5.15227e-07
-2.97912e-07
-1.59135e-07
-7.70604e-08
-3.21124e-08
-9.63094e-09
2.32833e-10
3.56286e-09
3.833e-09
2.85778e-09
1.47502e-09
1.84277e-18
-0.0576301
-0.189087
-0.222005
-0.191268
-0.13981
-0.0913497
-0.0544371
-0.0296642
-0.014562
-0.00613048
-0.00185752
4.01977e-05
0.000699446
0.000783842
0.000648504
0.000464577
0.000302351
0.00018189
0.000101421
5.18984e-05
2.36361e-05
8.76658e-06
1.71577e-06
-1.11376e-06
-1.86995e-06
-1.74114e-06
-1.32962e-06
-9.05735e-07
-5.66725e-07
-3.28773e-07
-1.76278e-07
-8.57924e-08
-3.60627e-08
-1.10777e-08
-3.68713e-11
3.75378e-09
4.12957e-09
3.10211e-09
1.60639e-09
1.82114e-18
-0.075695
-0.222105
-0.251235
-0.212494
-0.153858
-0.10006
-0.059523
-0.0324465
-0.0159667
-0.00676282
-0.00208822
-1.90009e-06
0.000732095
0.000835772
0.000696265
0.000500836
0.000326959
0.000197244
0.000110305
5.6648e-05
2.59391e-05
9.72848e-06
2.00575e-06
-1.12003e-06
-1.97861e-06
-1.86279e-06
-1.43021e-06
-9.77783e-07
-6.13619e-07
-3.56993e-07
-1.92021e-07
-9.38545e-08
-3.97397e-08
-1.24471e-08
-3.13977e-10
3.90986e-09
4.39032e-09
3.32015e-09
1.72428e-09
1.7995e-18
-0.0980883
-0.258042
-0.280852
-0.233043
-0.167055
-0.108084
-0.0641501
-0.0349599
-0.0172323
-0.00733343
-0.00229848
-4.2738e-05
0.000758886
0.000880546
0.000737914
0.000532636
0.000348627
0.000210808
0.00011818
6.08749e-05
2.79995e-05
1.0597e-05
2.27421e-06
-1.11812e-06
-2.07042e-06
-1.96808e-06
-1.51807e-06
-1.04105e-06
-6.5496e-07
-3.81959e-07
-2.06e-07
-1.01045e-07
-4.30413e-08
-1.36937e-08
-5.82047e-10
4.03406e-09
4.61317e-09
3.50901e-09
1.82692e-09
1.77787e-18
-0.125972
-0.296649
-0.310295
-0.252483
-0.179121
-0.115247
-0.0682155
-0.0371458
-0.0183269
-0.00782649
-0.00248121
-7.97579e-05
0.000780262
0.000917775
0.000772853
0.000559432
0.000366941
0.000222305
0.000124873
6.44783e-05
2.97635e-05
1.1346e-05
2.5103e-06
-1.11127e-06
-2.14526e-06
-2.05577e-06
-1.59181e-06
-1.09438e-06
-6.89929e-07
-4.03138e-07
-2.17895e-07
-1.07187e-07
-4.58763e-08
-1.47758e-08
-8.25542e-10
4.12966e-09
4.79671e-09
3.6664e-09
1.91281e-09
1.75623e-18
-0.160894
-0.337415
-0.338868
-0.270353
-0.189781
-0.12139
-0.0716264
-0.0389525
-0.019223
-0.0082282
-0.00263024
-0.000110677
0.000796674
0.000947178
0.000800604
0.000580776
0.000381561
0.000231499
0.000130236
6.73729e-05
3.11853e-05
1.19531e-05
2.70451e-06
-1.10247e-06
-2.20322e-06
-2.12491e-06
-1.6503e-06
-1.13685e-06
-7.17844e-07
-4.20085e-07
-2.27435e-07
-1.12127e-07
-4.81664e-08
-1.56573e-08
-1.03061e-09
4.19995e-09
4.94008e-09
3.79054e-09
1.98079e-09
1.73459e-18
-0.204915
-0.379418
-0.365742
-0.286172
-0.198768
-0.126365
-0.0743016
-0.0403358
-0.0198976
-0.00852722
-0.00274047
-0.000133604
0.000808523
0.000968555
0.000820801
0.000596319
0.000392215
0.000238207
0.000134153
6.94907e-05
3.2228e-05
1.24001e-05
2.84903e-06
-1.09426e-06
-2.24445e-06
-2.17477e-06
-1.6927e-06
-1.16771e-06
-7.3817e-07
-4.32447e-07
-2.34407e-07
-1.15744e-07
-4.98487e-08
-1.63088e-08
-1.18577e-09
4.24783e-09
5.04274e-09
3.8801e-09
2.02997e-09
1.71296e-18
-0.260773
-0.42113
-0.389952
-0.299454
-0.205836
-0.130042
-0.076174
-0.041261
-0.0203329
-0.00871497
-0.00280812
-0.000147128
0.000816114
0.000981769
0.00083318
0.000605812
0.000398711
0.000242294
0.000136541
7.0782e-05
3.28645e-05
1.26737e-05
2.93806e-06
-1.08856e-06
-2.26913e-06
-2.20489e-06
-1.71838e-06
-1.18643e-06
-7.50521e-07
-4.39966e-07
-2.38653e-07
-1.17951e-07
-5.08769e-08
-1.67085e-08
-1.28241e-09
4.2756e-09
5.10442e-09
3.93419e-09
2.05972e-09
1.69132e-18
-0.332098
-0.460119
-0.410438
-0.30973
-0.210763
-0.132318
-0.077192
-0.0417028
-0.020517
-0.0087859
-0.0028308
-0.00015039
0.000819625
0.000986731
0.000837581
0.000609101
0.00040093
0.000243679
0.000137346
7.12167e-05
3.30785e-05
1.27657e-05
2.96803e-06
-1.08658e-06
-2.27736e-06
-2.21497e-06
-1.72699e-06
-1.19271e-06
-7.54664e-07
-4.4249e-07
-2.40079e-07
-1.18692e-07
-5.12228e-08
-1.68433e-08
-1.31522e-09
4.28469e-09
5.125e-09
3.95227e-09
2.06968e-09
1.66969e-18
-0.394457
-0.492642
-0.426124
-0.316577
-0.213369
-0.13311
-0.0773212
-0.0416469
-0.0204437
-0.00873763
-0.00280763
-0.000143121
0.000819089
0.000983394
0.000833941
0.000606131
0.000398832
0.000242335
0.000136552
7.07845e-05
3.28645e-05
1.26733e-05
2.93774e-06
-1.08873e-06
-2.26921e-06
-2.20492e-06
-1.7184e-06
-1.18644e-06
-7.50522e-07
-4.39967e-07
-2.38653e-07
-1.17951e-07
-5.08769e-08
-1.67085e-08
-1.2824e-09
4.2756e-09
5.10442e-09
3.93419e-09
2.05972e-09
1.64805e-18
-0.427141
-0.51539
-0.436076
-0.319647
-0.213516
-0.132371
-0.0765463
-0.04109
-0.0201136
-0.0085711
-0.00273929
-0.000125662
0.000814386
0.000971749
0.000822294
0.000596945
0.000392452
0.000238287
0.000134177
6.94955e-05
3.22279e-05
1.23993e-05
2.84841e-06
-1.0946e-06
-2.24461e-06
-2.17484e-06
-1.69273e-06
-1.16771e-06
-7.38172e-07
-4.32447e-07
-2.34407e-07
-1.15744e-07
-4.98487e-08
-1.63087e-08
-1.18575e-09
4.24784e-09
5.04274e-09
3.8801e-09
2.02997e-09
1.62641e-18
-0.437759
-0.52697
-0.439641
-0.318694
-0.211126
-0.130084
-0.074872
-0.0400406
-0.0195335
-0.00829053
-0.00262797
-9.89503e-05
0.000805249
0.000951831
0.000802774
0.000581683
0.000381904
0.000231615
0.000130269
6.73797e-05
3.11851e-05
1.19519e-05
2.7036e-06
-1.10296e-06
-2.20345e-06
-2.125e-06
-1.65034e-06
-1.13686e-06
-7.17847e-07
-4.20086e-07
-2.27435e-07
-1.12127e-07
-4.81664e-08
-1.56572e-08
-1.03059e-09
4.19995e-09
4.94008e-09
3.79054e-09
1.98079e-09
1.60478e-18
-0.432089
-0.52723
-0.436495
-0.313597
-0.20618
-0.126269
-0.0723236
-0.0385191
-0.0187165
-0.00790338
-0.00247735
-6.44784e-05
0.000791288
0.000923726
0.000775619
0.000560585
0.000367376
0.000222451
0.000124914
6.44866e-05
2.97632e-05
1.13444e-05
2.50913e-06
-1.1119e-06
-2.14556e-06
-2.0559e-06
-1.59185e-06
-1.0944e-06
-6.89933e-07
-4.03139e-07
-2.17895e-07
-1.07187e-07
-4.58762e-08
-1.47757e-08
-8.25509e-10
4.12967e-09
4.79672e-09
3.6664e-09
1.91281e-09
1.58314e-18
-0.414539
-0.516791
-0.426627
-0.304365
-0.198729
-0.120982
-0.0689479
-0.0365575
-0.017682
-0.00742017
-0.00229246
-2.42304e-05
0.000772026
0.00088759
0.000741174
0.00053399
0.000349136
0.000210979
0.000118228
6.08842e-05
2.79989e-05
1.0595e-05
2.27281e-06
-1.11887e-06
-2.07077e-06
-1.96822e-06
-1.51812e-06
-1.04107e-06
-6.54966e-07
-3.8196e-07
-2.06e-07
-1.01045e-07
-4.30411e-08
-1.36936e-08
-5.82007e-10
4.03407e-09
4.61317e-09
3.50902e-09
1.82692e-09
1.56151e-18
-0.388485
-0.496737
-0.41031
-0.291142
-0.18889
-0.114319
-0.0648124
-0.034199
-0.0164553
-0.00685423
-0.00207951
1.94115e-05
0.000746941
0.000843667
0.000699899
0.000502339
0.000327521
0.000197431
0.000110357
5.66579e-05
2.59382e-05
9.72622e-06
2.00417e-06
-1.12087e-06
-1.979e-06
-1.86295e-06
-1.43027e-06
-9.77803e-07
-6.13625e-07
-3.56994e-07
-1.92021e-07
-9.38543e-08
-3.97395e-08
-1.2447e-08
-3.13933e-10
3.90988e-09
4.39033e-09
3.32015e-09
1.72429e-09
1.53987e-18
-0.35654
-0.468411
-0.388052
-0.2742
-0.176853
-0.106412
-0.0600055
-0.0314978
-0.015067
-0.00622133
-0.00184571
6.37843e-05
0.000715529
0.000792314
0.00065238
0.000466171
0.000302944
0.000182086
0.000101476
5.19082e-05
2.36348e-05
8.76409e-06
1.71406e-06
-1.11466e-06
-1.87036e-06
-1.74131e-06
-1.32969e-06
-9.05756e-07
-5.6673e-07
-3.28774e-07
-1.76278e-07
-8.57921e-08
-3.60626e-08
-1.10776e-08
-3.68239e-11
3.7538e-09
4.12957e-09
3.10211e-09
1.60639e-09
1.51824e-18
-0.320748
-0.433276
-0.360548
-0.253929
-0.162871
-0.0974302
-0.0546342
-0.0285178
-0.0135524
-0.00553926
-0.00159901
0.000106082
0.000677367
0.000734034
0.000599335
0.000426129
0.000275884
0.000165268
9.17823e-05
4.67495e-05
2.11493e-05
7.73744e-06
1.41421e-06
-1.09697e-06
-1.74523e-06
-1.6049e-06
-1.21803e-06
-8.26269e-07
-5.15232e-07
-2.97913e-07
-1.59135e-07
-7.70602e-08
-3.21122e-08
-9.63084e-09
2.32881e-10
3.56288e-09
3.833e-09
2.85779e-09
1.47502e-09
1.4966e-18
-0.282737
-0.392835
-0.328639
-0.230826
-0.147262
-0.0875769
-0.0488235
-0.0253313
-0.0119504
-0.00482733
-0.00134774
0.000143515
0.000632196
0.000669501
0.000541622
0.000382955
0.000246888
0.000147337
8.14985e-05
4.13069e-05
1.85469e-05
6.67698e-06
1.11672e-06
-1.06477e-06
-1.60438e-06
-1.45566e-06
-1.09727e-06
-7.40882e-07
-4.60202e-07
-2.6509e-07
-1.40995e-07
-6.78781e-08
-2.79978e-08
-8.15484e-09
4.78741e-10
3.33499e-09
3.50358e-09
2.59073e-09
1.33232e-09
1.47496e-18
-0.243829
-0.348579
-0.293275
-0.20548
-0.1304
-0.0770857
-0.0427134
-0.0220175
-0.010303
-0.00410574
-0.00110038
0.000173483
0.000579994
0.000599597
0.000480252
0.000337491
0.000216559
0.000128688
7.08628e-05
3.57142e-05
1.58964e-05
5.61426e-06
8.3346e-07
-1.01555e-06
-1.44913e-06
-1.29596e-06
-9.69614e-07
-6.51316e-07
-4.02818e-07
-2.31049e-07
-1.2229e-07
-5.84784e-08
-2.38336e-08
-6.69806e-09
6.85291e-10
3.06926e-09
3.14535e-09
2.30523e-09
1.18078e-09
1.45333e-18
-0.205133
-0.301962
-0.255487
-0.178559
-0.112707
-0.0662168
-0.0364565
-0.0186609
-0.00865371
-0.00339493
-0.000865094
0.000193761
0.000521068
0.000525441
0.000416393
0.000290675
0.000185559
0.000109746
6.01272e-05
3.01102e-05
1.3268e-05
4.58052e-06
5.75519e-07
-9.4762e-07
-1.28142e-06
-1.12861e-06
-8.37611e-07
-5.59466e-07
-3.44354e-07
-1.96578e-07
-1.03473e-07
-4.9101e-08
-1.97342e-08
-5.30746e-09
8.39088e-10
2.76659e-09
2.76366e-09
2.00637e-09
1.0233e-09
1.43169e-18
-0.167605
-0.254388
-0.216366
-0.150796
-0.0946508
-0.0552521
-0.0302146
-0.0153491
-0.00704665
-0.00271487
-0.00064941
0.00020269
0.000456134
0.000448424
0.000351372
0.000243535
0.000154594
9.09566e-05
4.95523e-05
2.46358e-05
1.07308e-05
3.60551e-06
3.52519e-07
-8.60435e-07
-1.10399e-06
-9.56936e-07
-7.04075e-07
-4.67384e-07
-2.86163e-07
-1.62498e-07
-8.50057e-08
-3.99865e-08
-1.58115e-08
-4.0264e-09
9.29797e-10
2.43017e-09
2.36532e-09
1.70011e-09
8.6312e-10
1.41006e-18
-0.132099
-0.207215
-0.177045
-0.12298
-0.0767311
-0.0444895
-0.0241548
-0.0121703
-0.0055249
-0.00208427
-0.000459788
0.000199377
0.000386405
0.000370229
0.000286685
0.000197183
0.000124409
7.27788e-05
3.94014e-05
1.94301e-05
8.35153e-06
2.71624e-06
1.71987e-07
-7.54872e-07
-9.20491e-07
-7.84764e-07
-5.72102e-07
-3.77258e-07
-2.29653e-07
-1.29649e-07
-6.73536e-08
-3.13694e-08
-1.21706e-08
-2.89239e-09
9.51288e-10
2.06592e-09
1.95881e-09
1.3933e-09
7.03921e-10
1.38842e-18
-0.0994028
-0.161759
-0.138696
-0.0959427
-0.0594739
-0.0342366
-0.018446
-0.00921118
-0.00412921
-0.00151983
-0.000301222
0.000183878
0.000313664
0.00029286
0.000223987
0.000152807
9.57762e-05
5.56787e-05
2.99346e-05
1.46268e-05
6.19125e-06
1.9357e-06
3.86918e-08
-6.33538e-07
-7.35552e-07
-6.16477e-07
-4.45059e-07
-2.91389e-07
-1.7627e-07
-9.88729e-08
-5.09688e-08
-2.34711e-08
-8.90527e-09
-1.93493e-09
9.02719e-10
1.68299e-09
1.55446e-09
1.09376e-09
5.49755e-10
1.36678e-18
-0.0702556
-0.119315
-0.102524
-0.0705517
-0.0434213
-0.0248036
-0.0132539
-0.00655382
-0.00289641
-0.00103537
-0.000176835
0.000157388
0.000240332
0.000218652
0.000165091
0.000111654
6.94857e-05
4.01184e-05
2.14028e-05
1.03499e-05
4.3036e-06
1.28158e-06
-4.59837e-08
-5.01048e-07
-5.54919e-07
-4.57003e-07
-3.26552e-07
-2.12163e-07
-1.27469e-07
-7.09927e-08
-3.62804e-08
-1.64923e-08
-6.09398e-09
-1.17323e-09
7.89573e-10
1.29417e-09
1.1645e-09
8.10235e-10
4.05051e-10
1.34515e-18
-0.0453585
-0.0811755
-0.0697769
-0.0477
-0.0291217
-0.0164963
-0.00873608
-0.00427314
-0.00185793
-0.000641106
-8.74926e-05
0.000122398
0.000169529
0.00015028
0.000111955
7.50203e-05
4.63281e-05
2.65467e-05
1.40406e-05
6.70983e-06
2.7322e-06
7.64965e-07
-8.46519e-08
-3.64266e-07
-3.85499e-07
-3.1181e-07
-2.20395e-07
-1.42012e-07
-8.46856e-08
-4.67944e-08
-2.36811e-08
-1.06053e-08
-3.79567e-09
-6.14129e-10
6.24617e-10
9.16214e-10
8.03205e-10
5.52401e-10
2.74587e-10
1.32351e-18
-0.0253674
-0.0486697
-0.0417482
-0.0282993
-0.0171188
-0.00960747
-0.00503754
-0.00243393
-0.00103821
-0.000342791
-3.14456e-05
8.28468e-05
0.000105108
9.07551e-05
6.66621e-05
4.42265e-05
2.70811e-05
1.53875e-05
8.05894e-06
3.79868e-06
1.50828e-06
3.89177e-07
-8.44687e-08
-2.32505e-07
-2.35403e-07
-1.86881e-07
-1.30567e-07
-8.33756e-08
-4.93086e-08
-2.70053e-08
-1.35138e-08
-5.94633e-09
-2.04555e-09
-2.50075e-10
4.28748e-10
5.70156e-10
4.86889e-10
3.30813e-10
1.63447e-10
1.30188e-18
-0.0108676
-0.0232112
-0.0197973
-0.0132711
-0.00793988
-0.00440832
-0.00228488
-0.00108792
-0.000453193
-0.000141041
-4.00879e-06
4.42283e-05
5.16803e-05
4.341e-05
3.13973e-05
2.05987e-05
1.24914e-05
7.02819e-06
3.63815e-06
1.68633e-06
6.48362e-07
1.48601e-07
-5.7616e-08
-1.17684e-07
-1.13948e-07
-8.86616e-08
-6.11515e-08
-3.86518e-08
-2.26409e-08
-1.2271e-08
-6.0581e-09
-2.60797e-09
-8.51202e-10
-5.72808e-11
2.31695e-10
2.81434e-10
2.33851e-10
1.5681e-10
7.6959e-11
-2.05913e-18
-0.00232436
-0.00637327
-0.00536617
-0.00353591
-0.00208268
-0.00113926
-0.000581068
-0.000270916
-0.000108874
-3.06452e-05
2.707e-06
1.36762e-05
1.46125e-05
1.18677e-05
8.41539e-06
5.44005e-06
3.25584e-06
1.80704e-06
9.19978e-07
4.15985e-07
1.52054e-07
2.7672e-08
-2.1693e-08
-3.44099e-08
-3.16211e-08
-2.39906e-08
-1.62708e-08
-1.01441e-08
-5.86452e-09
-3.1321e-09
-1.51634e-09
-6.31524e-10
-1.88827e-10
5.85018e-12
7.25342e-11
7.99573e-11
6.42712e-11
4.2383e-11
2.06206e-11
2.16359e-20
0.
0.
0.
0.
0.
0.
0.
0.
0.
0.
0.
0.
0.
0.
0.
0.
0.
0.
0.
0.
0.
0.
0.
0.
0.
0.
0.
0.
0.
0.
0.
0.
0.
0.
0.
0.
0.
0.
0.
0.
25.4877
26.1981
26.7635
26.8326
26.4609
25.8161
25.0403
24.2204
23.3991
22.5924
21.8029
21.0278
20.2632
19.5052
18.7514
17.9997
17.2492
16.4992
15.7494
14.9995
14.2497
13.4998
12.7499
12.
11.25
10.5
9.75
9.
8.25
7.5
6.75
6.
5.25
4.5
3.75
3.
2.25
1.5
0.75
8.65434e-19
25.494
26.1163
26.6306
26.7028
26.3613
25.7504
25.0018
24.2002
23.3899
22.5891
21.8024
21.0284
20.264
19.506
18.7519
18.0001
17.2494
16.4993
15.7494
14.9996
14.2497
13.4998
12.7499
12.
11.25
10.5
9.75
9.
8.25
7.5
6.75
6.
5.25
4.5
3.75
3.
2.25
1.5
0.75
8.49616e-17
25.473
26.0388
26.5153
26.5897
26.2725
25.6903
24.9654
24.1804
23.3803
22.5852
21.8014
21.0286
20.2646
19.5066
18.7524
18.0004
17.2497
16.4994
15.7495
14.9996
14.2497
13.4998
12.7499
12.
11.25
10.5
9.75
9.
8.25
7.5
6.75
6.
5.25
4.5
3.75
3.
2.25
1.5
0.75
8.65434e-19
25.4279
25.9648
26.4162
26.4921
26.1943
25.6358
24.9314
24.1612
23.3705
22.5809
21.7999
21.0285
20.265
19.5071
18.7528
18.0007
17.2498
16.4996
15.7496
14.9997
14.2498
13.4998
12.7499
11.9999
11.25
10.5
9.75
9.
8.25
7.5
6.75
6.
5.25
4.5
3.75
3.
2.25
1.5
0.75
8.65434e-19
25.3615
25.8943
26.332
26.4096
26.1265
25.5872
24.9001
24.1428
23.3607
22.5763
21.7981
21.0281
20.2651
19.5074
18.7531
18.001
17.25
16.4997
15.7496
14.9997
14.2498
13.4999
12.7499
11.9999
11.25
10.5
9.75
9.
8.25
7.5
6.75
6.
5.25
4.5
3.75
3.
2.25
1.5
0.75
8.65434e-19
25.2766
25.8276
26.2623
26.3414
26.069
25.5445
24.8716
24.1254
23.351
22.5713
21.7959
21.0273
20.2651
19.5076
18.7534
18.0012
17.2502
16.4998
15.7497
14.9997
14.2498
13.4999
12.7499
12.
11.25
10.5
9.74999
9.
8.25
7.5
6.75
6.
5.25
4.5
3.75
3.
2.25
1.5
0.75
8.65434e-19
25.1755
25.7655
26.2068
26.2874
26.0215
25.5077
24.846
24.1091
23.3415
22.5663
21.7935
21.0264
20.2648
19.5076
18.7535
18.0013
17.2503
16.4999
15.7497
14.9998
14.2498
13.4999
12.7499
12.
11.25
10.5
9.74999
9.
8.25
7.5
6.75
6.
5.25
4.5
3.75
3.
2.25
1.5
0.75
8.65434e-19
25.0605
25.7094
26.1657
26.2471
25.984
25.4769
24.8234
24.0941
23.3323
22.5611
21.7908
21.0251
20.2644
19.5075
18.7536
18.0014
17.2504
16.4999
15.7498
14.9998
14.2498
13.4999
12.7499
12.
11.25
10.5
9.74999
9.
8.25
7.5
6.75
6.
5.25
4.5
3.75
3.
2.25
1.5
0.75
8.65434e-19
24.9333
25.661
26.1395
26.2207
25.9562
25.4519
24.8038
24.0804
23.3235
22.5559
21.788
21.0237
20.2638
19.5074
18.7536
18.0015
17.2504
16.5
15.7498
14.9998
14.2498
13.4999
12.7499
12.
11.25
10.5
9.74999
9.
8.25
7.5
6.75
6.
5.25
4.5
3.75
3.
2.25
1.5
0.75
8.65434e-19
24.7956
25.6226
26.1293
26.2081
25.9381
25.4326
24.7872
24.068
23.3151
22.5507
21.785
21.0222
20.263
19.5071
18.7535
18.0015
17.2505
16.5
15.7499
14.9998
14.2499
13.4999
12.7499
12.
11.25
10.5
9.74999
9.
8.25
7.5
6.75
6.
5.25
4.5
3.75
3.
2.25
1.5
0.75
8.65434e-19
24.6488
25.597
26.1362
26.2095
25.9293
25.419
24.7736
24.0569
23.3072
22.5455
21.7819
21.0205
20.2621
19.5067
18.7534
18.0015
17.2505
16.5001
15.7499
14.9999
14.2499
13.4999
12.7499
12.
11.25
10.5
9.74999
9.
8.25
7.5
6.75
6.
5.25
4.5
3.75
3.
2.25
1.5
0.75
8.65434e-19
24.4944
25.5877
26.1618
26.2249
25.9297
25.4107
24.7629
24.0472
23.2998
22.5404
21.7787
21.0186
20.2612
19.5062
18.7532
18.0014
17.2505
16.5001
15.7499
14.9999
14.2499
13.4999
12.7499
12.
11.25
10.5
9.74999
9.
8.25
7.5
6.75
6.
5.25
4.5
3.75
3.
2.25
1.5
0.75
8.65434e-19
24.334
25.5992
26.2078
26.2548
25.9391
25.4076
24.7548
24.0387
23.2928
22.5355
21.7755
21.0167
20.2601
19.5057
18.7529
18.0013
17.2505
16.5001
15.7499
14.9999
14.2499
13.4999
12.75
12.
11.25
10.5
9.75
9.
8.25
7.5
6.75
6.
5.25
4.5
3.75
3.
2.25
1.5
0.75
8.65434e-19
24.1697
25.637
26.2762
26.2991
25.9572
25.4094
24.7493
24.0314
23.2863
22.5306
21.7722
21.0146
20.2589
19.505
18.7526
18.0012
17.2505
16.5001
15.75
14.9999
14.2499
13.4999
12.75
12.
11.25
10.5
9.75
9.
8.25
7.5
6.75
6.
5.25
4.5
3.75
3.
2.25
1.5
0.75
8.65434e-19
24.0045
25.7079
26.3693
26.358
25.9834
25.4157
24.7462
24.0252
23.2803
22.5258
21.7689
21.0125
20.2577
19.5044
18.7523
18.0011
17.2504
16.5001
15.75
14.9999
14.2499
13.4999
12.75
12.
11.25
10.5
9.75
9.
8.25
7.5
6.75
6.
5.25
4.5
3.75
3.
2.25
1.5
0.75
8.65434e-19
23.8429
25.8205
26.4893
26.4314
26.0174
25.426
24.745
24.02
23.2746
22.5211
21.7655
21.0103
20.2564
19.5036
18.7519
18.0009
17.2504
16.5001
15.75
14.9999
14.2499
13.5
12.75
12.
11.25
10.5
9.75
9.
8.25
7.5
6.75
6.
5.25
4.5
3.75
3.
2.25
1.5
0.75
8.65434e-19
23.6913
25.9855
26.6384
26.5191
26.0585
25.4399
24.7457
24.0155
23.2692
22.5165
21.7622
21.0081
20.255
19.5029
18.7515
18.0007
17.2503
16.5001
15.75
15.
14.25
13.5
12.75
12.
11.25
10.5
9.75
9.
8.25
7.5
6.75
6.
5.25
4.5
3.75
3.
2.25
1.5
0.75
8.65434e-19
23.5598
26.2161
26.8184
26.6205
26.1059
25.4568
24.7478
24.0117
23.2641
22.512
21.7588
21.0059
20.2536
19.5021
18.7511
18.0005
17.2502
16.5001
15.75
15.
14.25
13.5
12.75
12.
11.25
10.5
9.75
9.
8.25
7.5
6.75
6.
5.25
4.5
3.75
3.
2.25
1.5
0.75
8.65434e-19
23.4629
26.5288
27.0303
26.7345
26.1587
25.4761
24.7509
24.0084
23.2591
22.5075
21.7554
21.0036
20.2522
19.5013
18.7507
18.0003
17.2501
16.5
15.75
15.
14.25
13.5
12.75
12.
11.25
10.5
9.75
9.
8.25
7.5
6.75
6.
5.25
4.5
3.75
3.
2.25
1.5
0.75
8.65434e-19
23.4221
26.9441
27.2742
26.8597
26.2158
25.4972
24.7548
24.0054
23.2543
22.503
21.752
21.0013
20.2508
19.5004
18.7502
18.0001
17.25
16.5
15.75
15.
14.25
13.5
12.75
12.
11.25
10.5
9.75
9.
8.25
7.5
6.75
6.
5.25
4.5
3.75
3.
2.25
1.5
0.75
8.65434e-19
24.6386
27.4871
27.5478
26.9941
26.2758
25.5191
24.7589
24.0024
23.2495
22.4986
21.7486
20.999
20.2493
19.4996
18.7498
17.9999
17.25
16.5
15.75
15.
14.25
13.5
12.75
12.
11.25
10.5
9.75
9.
8.25
7.5
6.75
6.
5.25
4.5
3.75
3.
2.25
1.5
0.75
8.65434e-19
26.9307
28.1417
27.846
27.135
26.3374
25.5413
24.7629
23.9993
23.2445
22.4941
21.7452
20.9966
20.2479
19.4988
18.7493
17.9997
17.2499
16.5
15.75
15.
14.25
13.5
12.75
12.
11.25
10.5
9.75
9.
8.25
7.5
6.75
6.
5.25
4.5
3.75
3.
2.25
1.5
0.75
8.65434e-19
29.0391
28.8564
28.1609
27.2795
26.399
25.5627
24.7663
23.9958
23.2394
22.4895
21.7418
20.9943
20.2464
19.4979
18.7489
17.9995
17.2498
16.4999
15.75
15.
14.25
13.5
12.75
12.
11.25
10.5
9.75
9.
8.25
7.5
6.75
6.
5.25
4.5
3.75
3.
2.25
1.5
0.75
8.65434e-19
30.9486
29.5918
28.4832
27.4238
26.4588
25.5825
24.7686
23.9918
23.2341
22.4848
21.7383
20.992
20.245
19.4971
18.7485
17.9993
17.2497
16.4999
15.75
15.
14.25
13.5
12.75
12.
11.25
10.5
9.75
9.
8.25
7.5
6.75
6.
5.25
4.5
3.75
3.
2.25
1.5
0.75
8.65434e-19
32.6544
30.3171
28.8035
27.5645
26.515
25.5998
24.7695
23.987
23.2284
22.48
21.7349
20.9898
20.2437
19.4964
18.7481
17.9991
17.2496
16.4999
15.75
15.0001
14.2501
13.5
12.75
12.
11.25
10.5
9.75
9.
8.25
7.5
6.75
6.
5.25
4.5
3.75
3.
2.25
1.5
0.75
8.65434e-19
34.1574
31.0096
29.1128
27.6975
26.5658
25.6137
24.7684
23.9812
23.2223
22.4751
21.7314
20.9876
20.2423
19.4956
18.7477
17.9989
17.2496
16.4999
15.75
15.0001
14.2501
13.5001
12.75
12.
11.25
10.5
9.75
9.
8.25
7.5
6.75
6.
5.25
4.5
3.75
3.
2.25
1.5
0.75
8.65434e-19
35.463
31.6519
29.4028
27.8192
26.6095
25.6234
24.7651
23.9744
23.2158
22.4701
21.728
20.9854
20.2411
19.4949
18.7474
17.9988
17.2495
16.4999
15.75
15.0001
14.2501
13.5001
12.75
12.
11.25
10.5
9.75
9.
8.25
7.5
6.75
6.
5.25
4.5
3.75
3.
2.25
1.5
0.75
8.65434e-19
36.5788
32.2318
29.6663
27.9259
26.6442
25.6279
24.759
23.9662
23.2087
22.4649
21.7245
20.9833
20.2399
19.4943
18.7471
17.9987
17.2495
16.4999
15.7501
15.0001
14.2501
13.5001
12.75
12.
11.25
10.5
9.75
9.
8.25
7.5
6.75
6.
5.25
4.5
3.75
3.
2.25
1.5
0.75
8.65434e-19
37.5139
32.7405
29.8967
28.0143
26.6683
25.6265
24.7499
23.9566
23.201
22.4596
21.7211
20.9813
20.2388
19.4938
18.7468
17.9986
17.2495
16.4999
15.7501
15.0001
14.2501
13.5001
12.7501
12.
11.25
10.5
9.75001
9.
8.25
7.5
6.75
6.
5.25
4.5
3.75
3.
2.25
1.5
0.75
8.65434e-19
38.2784
33.172
30.0886
28.0812
26.6803
25.6185
24.7375
23.9455
23.1928
22.4541
21.7178
20.9794
20.2378
19.4933
18.7466
17.9985
17.2495
16.4999
15.7501
15.0001
14.2501
13.5001
12.7501
12.
11.25
10.5
9.75001
9.
8.25
7.5
6.75
6.
5.25
4.5
3.75
3.
2.25
1.5
0.75
8.65434e-19
38.8826
33.5225
30.2376
28.1239
26.6786
25.6033
24.7215
23.9329
23.1841
22.4486
21.7146
20.9776
20.2369
19.4929
18.7465
17.9985
17.2495
16.5
15.7501
15.0002
14.2501
13.5001
12.7501
12.
11.25
10.5
9.75001
9.
8.25
7.5
6.75
6.
5.25
4.5
3.75
3.
2.25
1.5
0.75
8.65434e-19
39.3373
33.7901
30.3397
28.1398
26.6622
25.5804
24.7017
23.9186
23.1748
22.443
21.7114
20.976
20.2361
19.4926
18.7464
17.9985
17.2496
16.5
15.7502
15.0002
14.2502
13.5001
12.7501
12.
11.25
10.5
9.75001
9.
8.25
7.5
6.75
6.
5.25
4.5
3.75
3.
2.25
1.5
0.75
8.65434e-19
39.6539
33.9737
30.3917
28.1269
26.63
25.5493
24.6781
23.9028
23.165
22.4374
21.7084
20.9745
20.2355
19.4924
18.7464
17.9986
17.2496
16.5001
15.7502
15.0002
14.2502
13.5001
12.7501
12.
11.25
10.5
9.75001
9.
8.25
7.5
6.75
6.
5.25
4.5
3.75
3.
2.25
1.5
0.75
8.65434e-19
39.8441
34.0735
30.3911
28.0832
26.581
25.5099
24.6508
23.8855
23.1549
22.4318
21.7056
20.9733
20.2351
19.4923
18.7465
17.9987
17.2497
16.5001
15.7503
15.0002
14.2502
13.5001
12.7501
12.
11.25
10.5
9.75001
9.
8.25
7.5
6.75
6.
5.25
4.5
3.75
3.
2.25
1.5
0.75
8.65434e-19
39.9204
34.0897
30.3355
28.0073
26.5149
25.462
24.6196
23.8667
23.1444
22.4264
21.7031
20.9723
20.2348
19.4924
18.7466
17.9988
17.2498
16.5002
15.7503
15.0003
14.2502
13.5001
12.7501
12.
11.25
10.5
9.75001
9.
8.25
7.5
6.75
6.
5.25
4.5
3.75
3.
2.25
1.5
0.75
8.65434e-19
39.8968
34.0229
30.2228
27.898
26.4311
25.4057
24.5849
23.8468
23.1338
22.4212
21.7009
20.9715
20.2347
19.4926
18.7469
17.999
17.25
16.5003
15.7504
15.0003
14.2502
13.5001
12.7501
12.0001
11.25
10.5
9.75
9.
8.25
7.5
6.75
6.
5.25
4.5
3.75
3.
2.25
1.5
0.75
8.65434e-19
39.7884
33.8731
30.0511
27.7544
26.3298
25.3411
24.5468
23.8259
23.1231
22.4163
21.699
20.9711
20.2349
19.4929
18.7472
17.9993
17.2502
16.5004
15.7504
15.0003
14.2502
13.5002
12.7501
12.0001
11.25
10.5
9.75
9.
8.25
7.5
6.75
6.
5.25
4.5
3.75
3.
2.25
1.5
0.75
8.65434e-19
39.6126
33.6395
29.8185
27.5758
26.2109
25.2688
24.5058
23.8042
23.1126
22.4118
21.6975
20.971
20.2353
19.4934
18.7476
17.9996
17.2504
16.5006
15.7505
15.0004
14.2503
13.5002
12.7501
12.
11.25
10.5
9.75
9.
8.25
7.5
6.75
6.
5.25
4.5
3.75
3.
2.25
1.5
0.75
-1.32709e-16
39.3894
33.3199
29.5227
27.3622
26.0752
25.1894
24.4624
23.7822
23.1024
22.4079
21.6966
20.9713
20.2359
19.494
18.7481
17.9999
17.2506
16.5007
15.7506
15.0004
14.2503
13.5002
12.7501
12.
11.25
10.5
9.75
9.
8.25
7.5
6.75
6.
5.25
4.5
3.75
3.
2.25
1.5
0.75
8.49616e-17
39.1416
32.9094
29.1614
27.1136
25.9234
25.1036
24.4171
23.7601
23.0929
22.4046
21.6961
20.9719
20.2368
19.4948
18.7487
18.0003
17.2508
16.5008
15.7506
15.0005
14.2503
13.5002
12.7501
12.
11.25
10.5
9.75
9.
8.25
7.5
6.75
6.
5.25
4.5
3.75
3.
2.25
1.5
0.75
8.65434e-19
