Vec Object: 1 MPI processes
  type: seq
1.48528e-11
0.356365
0.374831
0.37502
0.37502
8.14903e-12
0.722304
0.749501
0.750006
0.750006
1.125
0.767836
0.750335
0.749992
0.749992
1.125
0.403496
0.375333
0.374982
0.374982
1.0872e-11
-7.82552e-12
1.38343e-12
-2.22707e-13
-0.0712729
-0.00369327
-3.77818e-05
-3.38485e-13
-0.215734
-0.00913276
-0.000138767
-4.4996e-13
-0.144301
-0.00563243
-7.03089e-05
-5.70973e-13
1.06039e-11
-9.91093e-12
4.70082e-12
-6.92836e-13
22.2218
15.0157
7.50123
3.52536e-14
21.9627
14.9985
7.5004
5.0061e-14
22.9284
15.0026
7.49966
1.54987e-15
23.2882
14.9899
7.49879
-1.82938e-14
