Vec Object: 1 MPI processes
  type: seq
0.
0.000370826
-0.0176821
-0.0425787
-0.0659798
-0.0800174
-0.0812505
-0.0712177
-0.0541932
-0.0347017
-0.0160837
-0.000169636
0.0124221
0.02182
0.0285073
0.0330666
0.036045
0.0378981
0.0389791
0.0395486
0.0397914
0.0398345
0.0397627
0.0396306
0.0394726
0.0393088
0.0391508
0.0390037
0.0388704
0.0387498
0.0386428
0.038544
0.0384589
0.0383709
0.0383041
0.0382068
0.0381432
0.0380677
0.0375903
0.0393587
0.0137022
0.
-0.00395279
-0.0526405
-0.116769
-0.173576
-0.205108
-0.205112
-0.178264
-0.134769
-0.0851614
-0.0373437
0.00415177
0.0375935
0.0630698
0.0816069
0.0945583
0.103257
0.108852
0.112262
0.114183
0.115121
0.115435
0.11537
0.11509
0.1147
0.114266
0.113828
0.113407
0.113015
0.112654
0.112328
0.112025
0.111758
0.111489
0.111274
0.110991
0.110794
0.110545
0.109493
0.113434
0.0884457
0.
-0.011003
-0.0850053
-0.177879
-0.255429
-0.294795
-0.290254
-0.249544
-0.186549
-0.115175
-0.0459553
0.014841
0.0645897
0.103142
0.131716
0.152079
0.166056
0.175272
0.181065
0.18447
0.18626
0.186995
0.187066
0.186739
0.186193
0.185543
0.184861
0.184187
0.183546
0.182946
0.182396
0.181883
0.181425
0.18097
0.180596
0.180132
0.179802
0.179365
0.177989
0.18267
0.160359
0.
-0.0190264
-0.112399
-0.223253
-0.309711
-0.348504
-0.336718
-0.284815
-0.208524
-0.123005
-0.0397741
0.0340988
0.0954139
0.143714
0.18015
0.206611
0.225142
0.237638
0.245699
0.2506
0.253315
0.254564
0.254861
0.254568
0.25393
0.253111
0.252216
0.251309
0.25043
0.249594
0.248819
0.248091
0.247435
0.246789
0.246249
0.245603
0.24515
0.244491
0.243073
0.246915
0.230386
0.
-0.0267948
-0.132908
-0.250975
-0.335673
-0.366923
-0.345808
-0.284969
-0.20061
-0.107575
-0.0170426
0.0639699
0.13208
0.186568
0.228379
0.259294
0.28136
0.296546
0.306568
0.312832
0.316438
0.318219
0.318784
0.318571
0.317884
0.316931
0.315849
0.314727
0.31362
0.312554
0.311554
0.31061
0.309751
0.308911
0.3082
0.307373
0.306809
0.305875
0.304763
0.306156
0.298962
0.
-0.033518
-0.145349
-0.260532
-0.334586
-0.352986
-0.321023
-0.252916
-0.164473
-0.0692242
0.0229374
0.105778
0.17616
0.233259
0.277777
0.31126
0.335588
0.352645
0.364127
0.371467
0.375815
0.378062
0.378877
0.378749
0.378029
0.37696
0.37571
0.374385
0.373059
0.371769
0.370547
0.369387
0.368325
0.367291
0.366405
0.3654
0.364738
0.363473
0.363021
0.360636
0.365728
0.
-0.0387548
-0.149328
-0.252952
-0.309803
-0.311857
-0.268061
-0.193695
-0.10378
-0.0100678
0.0794035
0.15973
0.228431
0.284809
0.329394
0.363456
0.388613
0.406548
0.418828
0.426819
0.431647
0.434208
0.43519
0.435108
0.434341
0.433155
0.43174
0.43022
0.428682
0.427173
0.425734
0.424362
0.423098
0.421874
0.420813
0.419637
0.418883
0.41726
0.417705
0.410916
0.429376
0.
-0.042334
-0.145181
-0.230563
-0.266159
-0.250063
-0.193961
-0.11382
-0.0238132
0.0661492
0.15009
0.22476
0.288669
0.341503
0.383763
0.416488
0.441006
0.458737
0.471047
0.479159
0.484115
0.486762
0.48777
0.487651
0.48679
0.485464
0.483876
0.48216
0.480413
0.478692
0.47704
0.475464
0.474002
0.472598
0.471361
0.470034
0.469174
0.467237
0.468552
0.457835
0.487787
0.
-0.0442891
-0.133833
-0.196506
-0.208983
-0.174226
-0.105805
-0.0201368
0.0694089
0.154629
0.231545
0.298654
0.355649
0.402815
0.4408
0.47051
0.493022
0.509484
0.521023
0.528674
0.533345
0.535797
0.536643
0.536367
0.535338
0.533831
0.532047
0.530128
0.528172
0.526243
0.524387
0.522616
0.520964
0.519394
0.517984
0.516534
0.515535
0.513426
0.515227
0.50233
0.538511
0.
-0.0448012
-0.116624
-0.154157
-0.1431
-0.0898698
-0.00949985
0.0813284
0.170139
0.250324
0.319705
0.378403
0.427325
0.467477
0.499799
0.525191
0.544554
0.558797
0.568809
0.575421
0.57938
0.581327
0.581797
0.581219
0.57993
0.578185
0.576175
0.574038
0.571872
0.56974
0.567689
0.565737
0.563908
0.56219
0.560612
0.559079
0.557887
0.555843
0.557415
0.545142
0.57955
0.
-0.0441451
-0.0950927
-0.106543
-0.0720553
-0.00070584
0.090905
0.186108
0.273688
0.348687
0.41052
0.460683
0.501158
0.53367
0.559534
0.579747
0.595124
0.606397
0.614245
0.619303
0.622148
0.623292
0.623168
0.622137
0.620486
0.618439
0.616168
0.613798
0.611419
0.609092
0.606858
0.604744
0.602755
0.600912
0.599179
0.597607
0.596162
0.594466
0.594934
0.586477
0.610225
0.
-0.0426201
-0.0707183
-0.055802
0.00229893
0.0915023
0.193253
0.291434
0.376747
0.446135
0.500464
0.54231
0.574479
0.599293
0.618432
0.633047
0.643946
0.651745
0.656962
0.660061
0.661462
0.661542
0.66063
0.659005
0.656897
0.65449
0.651925
0.649308
0.646717
0.644207
0.641809
0.639553
0.637429
0.635488
0.633621
0.632051
0.630319
0.629211
0.627831
0.625779
0.631768
0.
-0.0404347
-0.044553
-0.00270371
0.0798654
0.186584
0.296798
0.395874
0.47726
0.540152
0.586798
0.620574
0.644813
0.662231
0.67478
0.683763
0.690016
0.694099
0.696417
0.697296
0.69702
0.695844
0.693993
0.691666
0.689027
0.686213
0.683331
0.680464
0.67767
0.674994
0.672456
0.670087
0.667859
0.665851
0.663883
0.662345
0.660342
0.659922
0.656406
0.661737
0.647331
0.
-0.0374914
-0.0166825
0.0537363
0.162042
0.285316
0.401487
0.498714
0.574008
0.629103
0.66758
0.693383
0.710092
0.720578
0.726923
0.730519
0.732234
0.7326
0.731945
0.730498
0.72843
0.725893
0.723017
0.719922
0.71671
0.713468
0.710266
0.707158
0.704181
0.701369
0.698724
0.696278
0.693985
0.691943
0.689923
0.688428
0.686245
0.686401
0.681131
0.692594
0.661211
0.
-0.0329906
0.0145062
0.116393
0.251154
0.388649
0.507244
0.599356
0.666124
0.711903
0.741503
0.759249
0.768734
0.772771
0.77341
0.772037
0.769518
0.766358
0.762836
0.759103
0.75525
0.75134
0.747425
0.743554
0.739769
0.73611
0.732608
0.729289
0.726165
0.723256
0.720548
0.71807
0.71576
0.713722
0.711709
0.710253
0.708049
0.708464
0.702486
0.71671
0.677471
0.
-0.0247621
0.053072
0.189671
0.349577
0.49696
0.613428
0.696888
0.75272
0.787701
0.80767
0.81716
0.819619
0.817633
0.813077
0.807231
0.800901
0.794545
0.788395
0.782546
0.777024
0.771824
0.766931
0.762335
0.758025
0.753997
0.750244
0.746765
0.743548
0.740597
0.737882
0.735424
0.733153
0.731161
0.729225
0.727796
0.725771
0.726008
0.72076
0.733187
0.698386
0.
-0.00829522
0.105767
0.278406
0.45866
0.609441
0.718544
0.789894
0.832695
0.855668
0.865384
0.866432
0.862001
0.85435
0.845075
0.835262
0.825594
0.816454
0.808013
0.800315
0.793332
0.787005
0.781266
0.776055
0.771315
0.767003
0.76308
0.759517
0.756281
0.753356
0.750701
0.748325
0.746156
0.74426
0.742469
0.741065
0.73941
0.739064
0.735906
0.742298
0.723378
0.
0.0243455
0.181018
0.386034
0.577692
0.723793
0.820227
0.876491
0.904714
0.914908
0.914029
0.90657
0.895401
0.882405
0.868843
0.855545
0.843022
0.831544
0.821206
0.811992
0.803826
0.796602
0.790209
0.784543
0.779513
0.77504
0.771056
0.767508
0.764341
0.761526
0.759009
0.756784
0.754783
0.75304
0.751459
0.750104
0.74894
0.747805
0.747522
0.745512
0.748951
0.
0.0850676
0.286143
0.512556
0.703348
0.836334
0.915494
0.954523
0.96732
0.964484
0.953018
0.937189
0.919519
0.901506
0.884061
0.867733
0.852824
0.839462
0.827643
0.817287
0.808261
0.800418
0.793608
0.787693
0.782547
0.778065
0.774154
0.770739
0.767748
0.765137
0.762841
0.760845
0.75908
0.757551
0.756232
0.754983
0.754331
0.752502
0.754984
0.745052
0.769789
0.
0.188624
0.423344
0.653272
0.829958
0.942554
1.00117
1.02185
1.0191
1.0035
0.981809
0.95798
0.934173
0.911523
0.890604
0.871682
0.854838
0.840037
0.827162
0.816051
0.806516
0.798362
0.791404
0.785472
0.780413
0.776098
0.77241
0.769261
0.766561
0.764255
0.76227
0.76058
0.759119
0.75787
0.756849
0.755796
0.755574
0.753442
0.757683
0.743117
0.78067
0.14625
0.348952
0.586261
0.799208
0.950645
1.03793
1.07438
1.07661
1.05884
1.03118
0.99995
0.968712
0.939276
0.912447
0.888494
0.867417
0.849079
0.833273
0.819761
0.808289
0.798603
0.790462
0.783641
0.777942
0.773186
0.769224
0.765923
0.763177
0.760888
0.75899
0.757403
0.756095
0.755
0.754094
0.753399
0.752645
0.752703
0.750839
0.755283
0.741075
0.778447
0.41625
0.550806
0.759208
0.939461
1.05893
1.11875
1.13291
1.11743
1.08566
1.04697
1.00712
0.969253
0.934832
0.904371
0.877874
0.855102
0.835712
0.819332
0.805595
0.794148
0.78467
0.776864
0.77047
0.765256
0.761024
0.757604
0.75485
0.752645
0.750882
0.749489
0.748382
0.747527
0.746853
0.746346
0.745992
0.745634
0.745817
0.744779
0.747879
0.73896
0.763288
0.65625
0.755131
0.923689
1.06461
1.15007
1.18255
1.1754
1.1435
1.09907
1.05059
1.00319
0.959597
0.920945
0.887487
0.858996
0.835022
0.815037
0.798514
0.784956
0.773915
0.764991
0.757836
0.752146
0.747663
0.744164
0.741466
0.73941
0.737872
0.736741
0.735938
0.735381
0.735035
0.734825
0.734759
0.734762
0.734864
0.735069
0.735212
0.735985
0.735485
0.738637
0.86625
0.939799
1.06767
1.16911
1.22157
1.22817
1.20131
1.15455
1.09893
1.04199
0.988216
0.939886
0.897842
0.862096
0.832217
0.807574
0.787475
0.771245
0.758268
0.747997
0.739959
0.733749
0.729023
0.725493
0.722918
0.7211
0.719874
0.719109
0.718694
0.718549
0.718596
0.718798
0.719083
0.719479
0.71985
0.720429
0.720644
0.722011
0.720364
0.728559
0.709907
1.04625
1.09711
1.18661
1.25103
1.27276
1.25547
1.2107
1.15075
1.08545
1.02141
0.962453
0.910428
0.865885
0.828617
0.798011
0.773271
0.753558
0.738065
0.726063
0.716912
0.710067
0.705068
0.701533
0.699148
0.697655
0.696846
0.696551
0.696638
0.696998
0.697554
0.698233
0.699004
0.699795
0.700656
0.701403
0.702428
0.702727
0.705048
0.701765
0.716098
0.682474
1.19625
1.22603
1.28013
1.3105
1.30398
1.26489
1.20406
1.13259
1.05911
0.989308
0.926367
0.871704
0.825589
0.787606
0.756972
0.732739
0.71393
0.699619
0.688973
0.681266
0.675887
0.672327
0.670171
0.66908
0.668785
0.669072
0.669772
0.670755
0.671919
0.673189
0.674505
0.675838
0.677128
0.678433
0.679557
0.680959
0.681467
0.684273
0.680676
0.696786
0.659779
1.31625
1.32723
1.34906
1.34826
1.31592
1.25715
1.18214
1.1008
1.02061
0.946365
0.880616
0.824375
0.777634
0.73977
0.709831
0.686722
0.66934
0.656645
0.647709
0.641735
0.63805
0.636108
0.635463
0.635763
0.636733
0.638158
0.639873
0.641755
0.643714
0.645681
0.64761
0.649475
0.651235
0.652943
0.654429
0.65612
0.656961
0.65975
0.657201
0.670494
0.642285
1.40625
1.40119
1.39412
1.36503
1.30934
1.23307
1.14579
1.05626
0.970829
0.893431
0.826045
0.769287
0.722874
0.685972
0.657456
0.636086
0.620634
0.609957
0.603045
0.599037
0.597218
0.597007
0.597946
0.599674
0.601918
0.604468
0.607171
0.609915
0.612621
0.615234
0.617722
0.620066
0.622244
0.624298
0.626113
0.628003
0.629248
0.631639
0.631079
0.638224
0.627603
1.46625
1.44804
1.41564
1.36131
1.28493
1.19351
1.09598
0.999975
0.910783
0.831538
0.763687
0.707473
0.662339
0.627234
0.600851
0.581802
0.568738
0.560426
0.555785
0.553908
0.554048
0.555611
0.558133
0.56126
0.564725
0.568333
0.571947
0.57547
0.578841
0.582018
0.584985
0.58773
0.590255
0.592583
0.594673
0.596684
0.598329
0.600148
0.601836
0.601661
0.611608
1.49625
1.46761
1.41368
1.33746
1.24334
1.13934
1.03375
0.93308
0.841653
0.761893
0.694763
0.640155
0.597237
0.564729
0.541138
0.524927
0.514634
0.508946
0.506733
0.507058
0.509164
0.512458
0.516486
0.520909
0.52548
0.530024
0.534426
0.538606
0.542525
0.546154
0.549497
0.552546
0.555331
0.557852
0.560144
0.56221
0.564177
0.565457
0.568989
0.562541
0.589999
1.49625
1.45968
1.38816
1.29377
1.18523
1.07151
0.960215
0.856818
0.764769
0.68588
0.620682
0.568736
0.528932
0.499759
0.479531
0.46657
0.459315
0.456396
0.456653
0.459144
0.463121
0.468011
0.473386
0.478933
0.484435
0.489742
0.494764
0.499445
0.503765
0.507712
0.511308
0.514552
0.517496
0.520122
0.522532
0.524599
0.52676
0.527673
0.532205
0.522104
0.559674
1.46625
1.42402
1.339
1.23057
1.11133
0.991038
0.876613
0.772578
0.681632
0.605069
0.543038
0.494785
0.458925
0.433715
0.41729
0.407845
0.403748
0.403594
0.406227
0.410724
0.416369
0.422628
0.429111
0.435545
0.441747
0.447599
0.45304
0.458037
0.46259
0.466706
0.47042
0.47374
0.476736
0.479378
0.481815
0.483834
0.486046
0.486802
0.491382
0.480796
0.51946
1.40625
1.36047
1.26619
1.14826
1.02247
0.899066
0.784316
0.681911
0.593927
0.521219
0.463594
0.420004
0.3888
0.368025
0.355661
0.349812
0.348808
0.351251
0.356016
0.362228
0.36923
0.37654
0.383822
0.390847
0.397474
0.403621
0.409254
0.414363
0.41897
0.423095
0.426788
0.430063
0.433003
0.435571
0.437944
0.439869
0.442002
0.442768
0.446626
0.438286
0.470075
1.31625
1.26895
1.16988
1.04742
0.919593
0.796872
0.684862
0.58656
0.503531
0.436259
0.384248
0.346175
0.320165
0.304085
0.295814
0.293416
0.295235
0.299923
0.306422
0.313935
0.32188
0.329845
0.337554
0.344832
0.351578
0.357746
0.363329
0.368341
0.372818
0.376793
0.380326
0.383438
0.386218
0.388627
0.390854
0.392637
0.394591
0.395443
0.398159
0.39371
0.413503
1.19625
1.14952
1.05038
0.928766
0.803835
0.685914
0.579985
0.488469
0.412506
0.352261
0.306972
0.27509
0.25457
0.243179
0.238767
0.23943
0.243586
0.249983
0.257672
0.265956
0.274344
0.282505
0.290227
0.297388
0.30393
0.309838
0.315128
0.319832
0.324
0.327674
0.330917
0.333757
0.336282
0.338456
0.340461
0.342056
0.343764
0.344689
0.34621
0.346018
0.352126
1.04625
1.00236
0.908203
0.793223
0.676501
0.567848
0.471632
0.389778
0.323061
0.271373
0.233738
0.208462
0.193428
0.186411
0.185333
0.188411
0.194204
0.201608
0.209812
0.218241
0.226507
0.234361
0.241657
0.24832
0.254332
0.259701
0.264463
0.268663
0.272355
0.275588
0.278425
0.280895
0.283082
0.284954
0.286678
0.288039
0.289465
0.290388
0.290931
0.294272
0.287951
0.86625
0.827785
0.74404
0.641871
0.539076
0.444531
0.361943
0.292776
0.237481
0.195728
0.166417
0.147834
0.137934
0.134642
0.13608
0.140681
0.147218
0.154781
0.162723
0.170604
0.178139
0.185162
0.191584
0.197373
0.202537
0.207105
0.211122
0.214636
0.217705
0.220374
0.222705
0.224723
0.226503
0.228018
0.229412
0.230504
0.231627
0.232453
0.232355
0.237821
0.222143
0.65625
0.626219
0.558641
0.47588
0.39318
0.317976
0.253185
0.199807
0.15801
0.127327
0.106676
0.0944981
0.0890107
0.0884653
0.0913236
0.0963399
0.102569
0.109331
0.116161
0.122757
0.128936
0.134601
0.139711
0.144265
0.148285
0.15181
0.154885
0.157556
0.159874
0.161878
0.163619
0.165119
0.166438
0.167553
0.16858
0.169374
0.170186
0.170834
0.170422
0.176341
0.154916
0.41625
0.397981
0.352604
0.296354
0.240454
0.190228
0.147603
0.113108
0.0867012
0.0679184
0.0558898
0.0494441
0.0472946
0.0482168
0.0511646
0.055315
0.0600629
0.064988
0.0698144
0.0743729
0.0785694
0.0823615
0.0857407
0.0887203
0.0913267
0.0935925
0.0955542
0.0972467
0.0987063
0.0999613
0.101046
0.101976
0.102792
0.103476
0.10411
0.104589
0.105083
0.105499
0.105035
0.109761
0.0856987
0.14625
0.142935
0.125997
0.104046
0.0823031
0.0631045
0.0471656
0.0345831
0.0252395
0.0188724
0.0150774
0.0133512
0.0131658
0.0140365
0.0155633
0.0174419
0.0194571
0.0214657
0.0233792
0.0251474
0.0267465
0.02817
0.0294221
0.0305136
0.0314585
0.0322723
0.032971
0.033569
0.0340813
0.0345187
0.034895
0.0352152
0.035496
0.0357284
0.0359465
0.0361046
0.036273
0.0364236
0.0361478
0.0381524
0.0134388
0.
0.
0.
0.
0.
0.
0.
0.
0.
0.
0.
0.
0.
0.
0.
0.
0.
0.
0.
0.
0.
0.
0.
0.
0.
0.
0.
0.
0.
0.
0.
0.
0.
0.
0.
0.
0.
0.
0.
0.
-7.41653e-05
0.00361059
0.00497932
0.00468022
0.00280751
0.000246631
-0.00200656
-0.00340491
-0.00389829
-0.0037236
-0.00318282
-0.00251834
-0.00187959
-0.00133746
-0.000911858
-0.000595669
-0.000370622
-0.000216216
-0.000113898
-4.85538e-05
-8.61859e-06
1.43685e-05
2.64063e-05
3.16054e-05
3.27552e-05
3.16117e-05
2.94067e-05
2.66696e-05
2.41248e-05
2.13941e-05
1.97502e-05
1.70263e-05
1.76019e-05
1.33495e-05
1.94743e-05
1.27119e-05
1.51101e-05
9.54735e-05
-0.000353676
0.00513129
0.000716392
0.0133481
0.0178049
0.0160416
0.00911391
0.000247426
-0.00737616
-0.0121039
-0.0138197
-0.0132871
-0.0114819
-0.00920668
-0.00697486
-0.00504486
-0.00350214
-0.00233533
-0.00148964
-0.000898233
-0.000498071
-0.000236278
-7.1445e-05
2.73656e-05
8.25157e-05
0.000109637
0.000119531
0.000119192
0.000113559
0.000105009
9.63653e-05
8.66924e-05
8.03676e-05
7.04274e-05
7.13179e-05
5.64215e-05
7.59596e-05
5.21445e-05
6.48898e-05
0.000305957
-0.00114188
0.0101289
0.00291699
0.0281486
0.0363796
0.0315517
0.0169871
-0.000660862
-0.0155181
-0.0247029
-0.0280946
-0.0271311
-0.0236412
-0.0191564
-0.0146854
-0.0107596
-0.00757477
-0.00513063
-0.00333298
-0.00205669
-0.00117906
-0.000594452
-0.000218406
1.32994e-05
0.000147847
0.000218752
0.000249525
0.0002557
0.000248346
0.000233136
0.000216356
0.000196671
0.000183067
0.000162056
0.000162289
0.000131272
0.00016877
0.000118017
0.000152435
0.000580968
-0.00207803
0.0145912
0.00672226
0.0468231
0.0585505
0.0488433
0.0247458
-0.00301807
-0.0258989
-0.039961
-0.0451983
-0.0437772
-0.0384158
-0.0314194
-0.0243453
-0.018047
-0.0128668
-0.00883687
-0.00583214
-0.00366887
-0.00215933
-0.00113755
-0.000468089
-4.61469e-05
0.000206505
0.000346287
0.000413352
0.000434697
0.000429764
0.000408972
0.000383405
0.000351672
0.000328697
0.000293284
0.000291513
0.000239339
0.000297851
0.000208656
0.000284281
0.000864449
-0.00284626
0.017897
0.0120812
0.0680457
0.0821639
0.0657829
0.0309957
-0.00724101
-0.0380667
-0.0568328
-0.0638054
-0.0618836
-0.0546183
-0.0450414
-0.035243
-0.0264091
-0.0190498
-0.0132501
-0.0088693
-0.00567325
-0.00341212
-0.00185884
-0.00082422
-0.000159216
0.000249169
0.000483666
0.000603992
0.000650951
0.000654262
0.00063042
0.000596526
0.000551595
0.000517611
0.000464966
0.000459561
0.000381616
0.000463213
0.00032145
0.000471023
0.00108694
-0.00312488
0.0193357
0.0187848
0.0904119
0.1052
0.0805938
0.0346758
-0.0136336
-0.0516881
-0.0745214
-0.0828552
-0.080316
-0.0711865
-0.0591177
-0.0466628
-0.0353127
-0.0257464
-0.0181158
-0.0122806
-0.00796975
-0.00488012
-0.00272843
-0.00127355
-0.00032215
0.0002747
0.00062766
0.000817728
0.000901098
0.000919178
0.000895625
0.000854558
0.000795933
0.000749605
0.000677409
0.000666365
0.000558734
0.000664314
0.000453814
0.000723996
0.00117736
-0.00264791
0.0183174
0.0265358
0.112527
0.125925
0.0919641
0.0350865
-0.0223928
-0.0665613
-0.0925044
-0.101598
-0.0982102
-0.0872519
-0.0728578
-0.0579384
-0.0442297
-0.0325589
-0.0231473
-0.0158674
-0.0104258
-0.00647831
-0.00369407
-0.00178568
-0.000518513
0.000290983
0.000781204
0.00105484
0.00118419
0.00122313
0.00120324
0.00115631
0.00108383
0.00102389
0.000930328
0.000911047
0.000771001
0.000899387
0.000604749
0.00104854
0.00108843
-0.00129023
0.0146253
0.0350026
0.133096
0.143001
0.0990833
0.0318674
-0.0336131
-0.0825895
-0.110506
-0.11959
-0.114998
-0.102186
-0.0856396
-0.0685051
-0.0526818
-0.0391038
-0.0280509
-0.0194136
-0.0128878
-0.00810085
-0.0046852
-0.0023151
-0.000720071
0.000314702
0.000953508
0.00131987
0.00150197
0.00156624
0.00155257
0.00150066
0.00141414
0.00133907
0.0012228
0.00119181
0.0010184
0.0011648
0.000776642
0.00143593
0.000825537
0.000853206
0.0086348
0.0438604
0.151005
0.155536
0.101579
0.0249159
-0.0472973
-0.0997232
-0.128415
-0.136634
-0.130382
-0.115608
-0.0970387
-0.0779384
-0.0602787
-0.0450458
-0.0325533
-0.022706
-0.0151955
-0.00963114
-0.00561948
-0.00280535
-0.000889302
0.000369915
0.00115931
0.00162123
0.00185872
0.00195014
0.00194364
0.00188656
0.00178539
0.00169314
0.00155319
0.00150588
0.00130047
0.00145471
0.00097642
0.0018577
0.000465324
0.00343267
0.00139865
0.0528206
0.165369
0.163042
0.0993674
0.0142699
-0.0633713
-0.117889
-0.146177
-0.152671
-0.144258
-0.127347
-0.106823
-0.0859688
-0.0667431
-0.0501241
-0.0364259
-0.0255547
-0.0171978
-0.0109536
-0.00641123
-0.00319487
-0.0009833
0.000485504
0.00141723
0.00197024
0.00226066
0.00237753
0.00237689
0.0023129
0.00219566
0.0020834
0.00191899
0.00184954
0.00161601
0.00176129
0.00121494
0.00226646
0.000150927
0.00588732
-0.00548306
0.0616496
0.175559
0.165332
0.0924699
-1.22384e-08
-0.0816935
-0.136929
-0.163693
-0.167671
-0.156624
-0.13738
-0.114918
-0.0924713
-0.0719159
-0.0541666
-0.0395015
-0.0278092
-0.0187674
-0.0119651
-0.00698035
-0.00342359
-0.000958583
0.000691784
0.00174749
0.00237952
0.00271489
0.00285157
0.00285276
0.00277823
0.00264241
0.00250635
0.00231669
0.00221816
0.00196262
0.00207568
0.00150386
0.00260565
5.74937e-05
0.00757872
-0.0102327
0.0701737
0.181179
0.162349
0.0808498
-0.0178407
-0.102044
-0.156566
-0.180756
-0.181548
-0.16749
-0.145749
-0.121352
-0.0974341
-0.0757438
-0.0570896
-0.0416813
-0.029369
-0.0198108
-0.0125849
-0.00726053
-0.00343954
-0.00077615
0.00101672
0.00216905
0.00286098
0.00322798
0.00337484
0.003371
0.00328026
0.00312207
0.0029575
0.00274149
0.00260636
0.00233604
0.00238962
0.00185029
0.00282719
0.000333533
0.00798912
-0.0114305
0.0782606
0.182002
0.153979
0.0643359
-0.0391845
-0.124086
-0.176381
-0.197033
-0.194127
-0.17682
-0.152504
-0.126199
-0.100918
-0.0782537
-0.0588861
-0.042932
-0.0301856
-0.0202743
-0.0127607
-0.00720537
-0.00320432
-0.000406057
0.00148225
0.00269686
0.00342374
0.0038044
0.0039482
0.00392985
0.00381534
0.00362974
0.00343119
0.00318714
0.00300806
0.00272953
0.00269727
0.00225081
0.00291126
0.00103672
0.006923
-0.00854927
0.0857589
0.177841
0.139896
0.0426747
-0.0638392
-0.147321
-0.195826
-0.212092
-0.205146
-0.184515
-0.157665
-0.129541
-0.103015
-0.0795228
-0.0596052
-0.0432751
-0.0302587
-0.0201435
-0.0124711
-0.00679193
-0.0026968
0.000169077
0.00210127
0.00333929
0.00407207
0.00444493
0.00456968
0.00452521
0.00437787
0.00415872
0.00392028
0.00364573
0.00341651
0.00313358
0.00299626
0.00268745
0.00287997
0.00209065
0.00463054
-0.0022728
0.092357
0.168341
0.119518
0.0157225
-0.0913382
-0.17104
-0.214249
-0.225445
-0.214302
-0.190435
-0.161214
-0.131438
-0.103822
-0.0796506
-0.0593306
-0.0427714
-0.0296267
-0.019439
-0.0117246
-0.00602135
-0.00191482
0.000952033
0.00287553
0.00409627
0.00480381
0.00514546
0.00523346
0.00514992
0.00495976
0.00470021
0.00441598
0.00410768
0.00382418
0.00353616
0.00328751
0.00312822
0.00279694
0.00328618
0.00178572
0.00557506
0.0973094
0.152774
0.0921984
-0.0162587
-0.120815
-0.194333
-0.230941
-0.236612
-0.221298
-0.194429
-0.163112
-0.13193
-0.103425
-0.0787394
-0.0581613
-0.0415053
-0.0283556
-0.018209
-0.0105549
-0.00491689
-0.000874716
0.00193054
0.00379481
0.00495829
0.00560944
0.00589606
0.00592919
0.00579321
0.00555012
0.00524311
0.0049077
0.00456179
0.0042225
0.00392355
0.00357328
0.00353308
0.00274963
0.00433582
-0.000699816
0.0125354
0.0989685
0.129962
0.0576706
-0.0523095
-0.150971
-0.216154
-0.245211
-0.245172
-0.225892
-0.196372
-0.163322
-0.131044
-0.101895
-0.0768844
-0.0561987
-0.0395717
-0.0265275
-0.0165209
-0.00901532
-0.00352027
0.000390751
0.00307826
0.00483715
0.00590627
0.00647173
0.00668072
0.0066417
0.00644055
0.00613508
0.00577404
0.00538302
0.0049956
0.00460162
0.00428177
0.00385397
0.0038642
0.00281875
0.00496753
-0.0019783
0.0163195
0.0940994
0.0986274
0.0166674
-0.0906412
-0.180191
-0.235441
-0.256463
-0.250816
-0.227931
-0.196196
-0.16183
-0.12881
-0.0992955
-0.0741719
-0.0535391
-0.0370672
-0.0242318
-0.0144533
-0.00717264
-0.00188702
0.00183557
0.00435688
0.00597022
0.00691239
0.00736629
0.00747761
0.00735126
0.00707383
0.00669807
0.00627755
0.00582795
0.00539575
0.0049503
0.00459806
0.00412496
0.00409697
0.00304569
0.00502415
-0.00157637
0.0156318
0.0770858
0.0584123
-0.0286151
-0.1288
-0.206788
-0.251273
-0.264269
-0.253376
-0.227364
-0.193903
-0.158664
-0.125276
-0.0956929
-0.0706829
-0.0502735
-0.0340856
-0.0215593
-0.0120896
-0.00510126
-8.18878e-05
0.00340415
0.00571886
0.00715328
0.00794154
0.00826261
0.00825997
0.00803422
0.00767197
0.00722026
0.0067367
0.00622731
0.00574859
0.0052561
0.00486203
0.00437472
0.00422726
0.00341158
0.00452781
0.00040986
0.0106844
0.0393611
0.0114683
-0.0746007
-0.164137
-0.229308
-0.262996
-0.268405
-0.252826
-0.224244
-0.189565
-0.153899
-0.120515
-0.0911628
-0.0664991
-0.046489
-0.0307168
-0.018599
-0.00951471
-0.00287906
0.00182522
0.00503483
0.00711042
0.00833972
0.00895335
0.00912573
0.00899743
0.00866416
0.00821186
0.00768146
0.00713373
0.00656542
0.00604072
0.00550594
0.00506612
0.00458544
0.00427162
0.00383799
0.00367963
0.00332298
0.00317375
-0.00117925
-0.0359937
-0.11719
-0.194424
-0.246766
-0.270284
-0.268851
-0.249272
-0.218712
-0.183319
-0.147651
-0.114628
-0.0857969
-0.0617086
-0.0422736
-0.0270491
-0.0154379
-0.00681231
-0.000584583
0.00376243
0.0066631
0.00847449
0.00947958
0.00990445
0.00991818
0.0096577
0.00921334
0.00866961
0.00806116
0.00745105
0.00682701
0.00625965
0.00568712
0.00520522
0.00473622
0.00425995
0.00421079
0.00279088
0.00616465
-0.00430067
-0.0280904
-0.0776741
-0.153241
-0.218317
-0.25873
-0.273116
-0.265754
-0.242919
-0.210974
-0.175349
-0.140077
-0.107743
-0.0797048
-0.0564092
-0.0377191
-0.0231711
-0.012162
-0.00406477
0.00170465
0.0056582
0.00822419
0.00975341
0.0105223
0.0107509
0.0106022
0.0102085
0.00965437
0.00902207
0.00833988
0.00767233
0.00699819
0.00639443
0.00578853
0.00527585
0.00480783
0.00422341
0.0044184
0.00217093
0.00794834
-0.00916629
-0.0478666
-0.111386
-0.181425
-0.235409
-0.265226
-0.271687
-0.259374
-0.234033
-0.201278
-0.165871
-0.131357
-0.100013
-0.0730133
-0.050711
-0.0329242
-0.0191743
-0.00885741
-0.00135322
0.00391294
0.00744297
0.00965527
0.0108913
0.0114189
0.0114506
0.0111419
0.0106196
0.00996202
0.00924833
0.00850047
0.00778358
0.00706754
0.00643629
0.00580187
0.00527524
0.00478746
0.00418241
0.00438962
0.00201651
0.00804827
-0.00979667
-0.0625764
-0.13696
-0.201712
-0.245902
-0.266545
-0.266315
-0.250022
-0.222908
-0.18989
-0.155117
-0.121691
-0.0916043
-0.0658641
-0.0447353
-0.0279956
-0.0151543
-0.00561145
0.0012422
0.00596709
0.00905056
0.0108973
0.0118365
0.0121249
0.0119656
0.0115055
0.0108648
0.010115
0.00933131
0.00852946
0.00777432
0.00702707
0.00637932
0.00572259
0.00520102
0.00467166
0.00413948
0.00411621
0.00234595
0.00640931
-0.00606638
-0.0727475
-0.154861
-0.214597
-0.250248
-0.263086
-0.257361
-0.238032
-0.209848
-0.177082
-0.143327
-0.111287
-0.0826956
-0.0584105
-0.0386141
-0.0230477
-0.0112117
-0.00251289
0.00364269
0.00779725
0.0104196
0.0118971
0.0125434
0.0126019
0.0122642
0.0116675
0.0109238
0.0100976
0.00925917
0.00841828
0.00763852
0.00687301
0.00622107
0.00555045
0.0050515
0.00446668
0.00407971
0.00365204
0.00300258
0.0035427
0.000658372
-0.078704
-0.16568
-0.220672
-0.248943
-0.255269
-0.245195
-0.223737
-0.195152
-0.163121
-0.130738
-0.100354
-0.0734725
-0.050814
-0.0324872
-0.0182011
-0.00744996
0.000349246
0.00577203
0.00933859
0.0114954
0.012609
0.0129748
0.0128201
0.0123231
0.0116101
0.0107837
0.00990113
0.00902642
0.00816414
0.00737535
0.00660639
0.00596309
0.00528954
0.00482668
0.00418624
0.00397806
0.0030909
0.00372191
0.000320731
0.00805983
-0.0808992
-0.170046
-0.220513
-0.242475
-0.243515
-0.230192
-0.207469
-0.179116
-0.148271
-0.117589
-0.0891058
-0.0641243
-0.0432412
-0.0264993
-0.0135794
-0.00397343
0.00288827
0.00755909
0.0105335
0.0122322
0.0129976
0.0131037
0.01276
0.0121291
0.0113252
0.0104406
0.00952469
0.00863477
0.00777063
0.00698968
0.00623322
0.00561122
0.00494796
0.00452945
0.00384795
0.00380996
0.00253312
0.0042316
-0.00233784
0.0137016
-0.0798877
-0.168631
-0.214696
-0.231337
-0.228262
-0.212736
-0.189562
-0.16203
-0.132791
-0.104111
-0.0777543
-0.0548416
-0.0358609
-0.0207961
-0.00930542
-0.000882879
0.00502367
0.00894135
0.0113351
0.0125961
0.0130398
0.012916
0.0124142
0.0116804
0.0108152
0.00989994
0.00897605
0.00809348
0.00724795
0.00649209
0.00576445
0.00517565
0.00453726
0.00416647
0.00346978
0.00356098
0.00205493
0.00434373
-0.0037669
0.0158257
-0.0762448
-0.162152
-0.20383
-0.216061
-0.209978
-0.193231
-0.17036
-0.144192
-0.116942
-0.0905411
-0.0665116
-0.0458148
-0.0288399
-0.0155195
-0.00549562
0.00172988
0.00668619
0.00986938
0.0117107
0.0125681
0.0127271
0.0124115
0.011789
0.0109874
0.0100936
0.00917703
0.00827153
0.00741922
0.00661263
0.00589863
0.00521551
0.00467058
0.00407169
0.00374853
0.0030676
0.00323197
0.00169114
0.004006
-0.00373175
0.0138363
-0.0705167
-0.151366
-0.188586
-0.197237
-0.189178
-0.172113
-0.150226
-0.125906
-0.10099
-0.077115
-0.0555901
-0.0372311
-0.0223383
-0.0108013
-0.00225333
0.0037885
0.00782376
0.0103118
0.0116457
0.0121468
0.0120683
0.0116059
0.0109045
0.0100731
0.00918468
0.00829669
0.0074355
0.00663549
0.00588686
0.00523007
0.0046056
0.00411361
0.00356751
0.00329005
0.0026545
0.00283853
0.00143513
0.00329958
-0.00244218
0.00834475
-0.0632026
-0.137061
-0.169708
-0.175529
-0.166433
-0.149855
-0.129547
-0.107496
-0.0852124
-0.0640754
-0.045201
-0.0292704
-0.0165036
-0.00675578
0.000338937
0.00523936
0.00840766
0.0102604
0.0111476
0.0113514
0.0110903
0.010531
0.00979512
0.00897285
0.00812324
0.00729225
0.00649937
0.00577149
0.00509745
0.0045109
0.00395676
0.00352479
0.00304222
0.00280804
0.00224123
0.0024062
0.00125267
0.00239312
-0.000422062
0.000830825
-0.0547567
-0.120056
-0.148022
-0.151683
-0.142374
-0.12697
-0.10874
-0.0893072
-0.0698999
-0.0516691
-0.0355504
-0.0220984
-0.0114615
-0.00347076
0.00222789
0.00605881
0.00843829
0.00973374
0.0102484
0.0102223
0.00983846
0.0092343
0.00850838
0.00773253
0.0069527
0.00620408
0.00550007
0.00486074
0.00427441
0.00376807
0.00329271
0.00292555
0.00251388
0.00232068
0.00183741
0.00196369
0.00110148
0.00147721
0.00169502
-0.00690187
-0.0456005
-0.101201
-0.124437
-0.126524
-0.117694
-0.10402
-0.0882587
-0.0717103
-0.0553583
-0.0401443
-0.0268323
-0.0158577
-0.00730643
-0.000997975
0.00339775
0.00625963
0.0079497
0.00878072
0.00900589
0.00882195
0.00837642
0.00777801
0.00710332
0.00640709
0.00572333
0.00507758
0.00447818
0.00393926
0.00344947
0.00302952
0.00263769
0.00233754
0.00200031
0.00184602
0.00145239
0.00153707
0.000948258
0.000705792
0.00336301
-0.0132597
-0.036141
-0.0813864
-0.0999445
-0.100958
-0.0931495
-0.0816176
-0.0685984
-0.0551045
-0.0419039
-0.0297421
-0.0192179
-0.0106555
-0.00409045
0.000656204
0.00387728
0.00589576
0.00701226
0.00748085
0.00750319
0.007233
0.00678341
0.00623621
0.00564785
0.00505781
0.00448971
0.00396094
0.0034759
0.00304383
0.00265444
0.00232288
0.00201529
0.00178155
0.00151845
0.00140076
0.00109571
0.00114633
0.00077771
0.000162743
0.00425282
-0.0172183
-0.026795
-0.0615581
-0.0756221
-0.0759719
-0.0695653
-0.0604318
-0.0502951
-0.0399118
-0.029855
-0.0206842
-0.0128416
-0.00655138
-0.00181227
0.00153861
0.0037447
0.00506457
0.00573274
0.00594309
0.0058464
0.00555537
0.00515129
0.00469178
0.00421566
0.00374942
0.00330821
0.00290286
0.00253503
0.00221022
0.00191976
0.00167414
0.00144741
0.00127658
0.00108367
0.000999606
0.000776836
0.000804642
0.000592699
-0.000141496
0.00429136
-0.01844
-0.0180161
-0.0427275
-0.0526262
-0.0526275
-0.0478348
-0.0411886
-0.0339243
-0.0265686
-0.0195173
-0.0131571
-0.00778656
-0.00354452
-0.000408838
0.00175412
0.00312923
0.00390596
0.00425183
0.0043023
0.00416056
0.00390217
0.00358055
0.00323268
0.00288287
0.00254722
0.00223437
0.00195036
0.00169517
0.00147169
0.00127327
0.00110665
0.000953456
0.000839197
0.000709325
0.000654758
0.00050454
0.000519539
0.000408153
-0.00025013
0.00362319
-0.017176
-0.0103231
-0.0259785
-0.0321925
-0.0320684
-0.0289258
-0.0246709
-0.0200909
-0.0155096
-0.0111666
-0.00729493
-0.00407001
-0.00156447
0.000249509
0.00146655
0.0022091
0.00259845
0.00273917
0.00271395
0.00258448
0.00239499
0.00217604
0.0019483
0.00172495
0.00151442
0.00132086
0.00114706
0.000992317
0.000857904
0.000739332
0.000640508
0.000549876
0.000483153
0.000406375
0.000375897
0.000286231
0.000294836
0.000242928
-0.000230403
0.0025299
-0.0140403
-0.00431687
-0.012463
-0.0156403
-0.0155284
-0.013885
-0.0117128
-0.00941545
-0.00715016
-0.00502999
-0.00316473
-0.00163436
-0.000466994
0.000358596
0.000894894
0.00120582
0.00135262
0.00138675
0.00134797
0.00126532
0.00115913
0.00104311
0.000926291
0.000814209
0.000710265
0.00061591
0.000532084
0.000458102
0.000394368
0.000338477
0.000292297
0.000249956
0.000219356
0.000183356
0.000170366
0.000127449
0.000132446
0.000113303
-0.000147931
0.00134606
-0.00975515
-0.000663095
-0.00338759
-0.00439018
-0.00434852
-0.00383972
-0.00318777
-0.0025165
-0.00186872
-0.00127343
-0.000758997
-0.000345236
-3.70917e-05
0.000174152
0.000305348
0.00037573
0.000403037
0.000401731
0.000382689
0.000353632
0.000319824
0.000284698
0.000250433
0.000218288
0.000188989
0.000162759
0.000139734
0.000119609
0.000102445
8.74815e-05
7.52697e-05
6.40291e-05
5.61645e-05
4.64871e-05
4.3626e-05
3.16198e-05
3.3667e-05
3.0115e-05
-5.51607e-05
0.000400924
-0.00494271
0.
0.
0.
0.
0.
0.
0.
0.
0.
0.
0.
0.
0.
0.
0.
0.
0.
0.
0.
0.
0.
0.
0.
0.
0.
0.
0.
0.
0.
0.
0.
0.
0.
0.
0.
0.
0.
0.
0.
0.
-18.6783
-19.847
-19.8905
-17.827
-13.0349
-6.05904
1.68745
8.77106
14.3063
18.0399
20.1528
21.0165
21.022
20.4957
19.6764
18.7221
17.7285
16.7482
15.8057
14.9087
14.0557
13.2409
12.4571
11.6968
10.9536
10.222
9.49765
8.77738
8.05874
7.3402
6.62048
5.8994
5.17586
4.45157
3.72386
2.99861
2.27165
1.53791
0.897824
-0.205252
-18.6381
-19.6037
-19.5785
-17.5645
-12.9003
-6.07186
1.55288
8.56064
14.0665
17.8066
19.9476
20.8487
20.8922
20.3999
19.6084
18.6756
17.6981
16.7293
15.7947
14.9029
14.0534
13.2408
12.4583
11.6987
10.9558
10.2242
9.49985
8.77945
8.06067
7.34197
6.62212
5.90086
5.1773
4.45277
3.72532
2.99969
2.27308
1.54202
0.885026
-0.199905
-18.5656
-19.4016
-19.3546
-17.4228
-12.868
-6.1273
1.43827
8.40902
13.8964
17.6352
19.7889
20.7116
20.7804
20.313
19.5437
18.6292
17.666
16.7081
15.7813
14.8952
14.0494
13.2394
12.4584
11.6998
10.9575
10.2262
9.50189
8.78148
8.06261
7.34379
6.62383
5.90243
5.17879
4.45409
3.72671
3.00083
2.27448
1.54419
0.880791
-0.178492
-18.4818
-19.2413
-19.2253
-17.414
-12.9502
-6.23466
1.33738
8.31158
13.7918
17.521
19.6715
20.6001
20.6819
20.2311
19.479
18.5804
17.6306
16.6834
15.7648
14.8848
14.0434
13.2364
12.4575
11.7002
10.9587
10.2279
9.50381
8.78347
8.06459
7.34569
6.62563
5.9041
5.18035
4.45551
3.72806
3.002
2.27559
1.54578
0.879546
-0.132232
-18.4097
-19.1266
-19.1979
-17.5451
-13.1496
-6.3953
1.24704
8.26288
13.7457
17.4568
19.5884
20.5075
20.5908
20.1494
19.4107
18.5262
17.5896
16.6536
15.7441
14.871
14.0348
13.2315
12.4552
11.6997
10.9593
10.2293
9.5056
8.78546
8.06663
7.3477
6.62755
5.90591
5.18202
4.45703
3.72938
3.0032
2.27624
1.54775
0.876925
-0.0575478
-18.3735
-19.0636
-19.2763
-17.8098
-13.4521
-6.5981
1.16918
8.25688
13.7482
17.4319
19.5298
20.4257
20.5005
20.0625
19.3342
18.4634
17.5405
16.6169
15.7178
14.853
14.0231
13.2244
12.4515
11.6983
10.9594
10.2303
9.50726
8.78744
8.06875
7.34984
6.62962
5.90787
5.18382
4.45866
3.73072
3.00442
2.27628
1.55048
0.869966
0.0407343
-18.3958
-19.0597
-19.4571
-18.1849
-13.8248
-6.81856
1.11189
8.28793
13.7869
17.4328
19.484
20.3453
20.4035
19.9646
19.2454
18.3885
17.4809
16.5715
15.6847
14.8297
14.0075
13.2146
12.4458
11.6956
10.9588
10.231
9.50878
8.78944
8.07098
7.35214
6.63188
5.91001
5.18579
4.46042
3.73211
3.00562
2.27574
1.55366
0.857422
0.147682
-18.4964
-19.1222
-19.7281
-18.631
-14.2197
-7.02125
1.08928
8.35206
13.8482
17.4437
19.437
20.2554
20.2921
19.8501
19.1401
18.2987
17.4085
16.5157
15.6434
14.8003
13.9875
13.2017
12.4381
11.6916
10.9573
10.2313
9.51015
8.79145
8.07334
7.35462
6.63435
5.91236
5.18796
4.46232
3.73361
3.00678
2.27482
1.55635
0.839925
0.239621
-18.6905
-19.2566
-20.068
-19.0977
-14.5805
-7.16458
1.11962
8.4475
13.919
17.4485
19.3744
20.145
20.1584
19.7136
19.0146
18.1913
17.3215
16.4482
15.593
14.7641
13.9625
13.1853
12.428
11.6861
10.955
10.2311
9.51133
8.79348
8.07583
7.35731
6.63706
5.91496
5.19037
4.46439
3.73528
3.00784
2.27385
1.55721
0.819779
0.289446
-18.9887
-19.4649
-20.4478
-19.5298
-14.8487
-7.20611
1.2222
8.57385
13.9876
17.4318
19.2822
20.0033
19.9948
19.5502
18.8657
18.0643
17.2184
16.368
15.5329
14.7206
13.9322
13.1651
12.4154
11.6789
10.9516
10.2303
9.51232
8.79553
8.07849
7.36024
6.64006
5.91783
5.19307
4.46667
3.7372
3.00875
2.27326
1.55503
0.800273
0.275269
-19.3967
-19.7447
-20.8345
-19.8728
-14.9697
-7.1072
1.4135
8.73001
14.0433
17.38
19.1478
19.8204
19.7946
19.3556
18.691
17.9161
17.0985
16.2747
15.4627
14.6696
13.8965
13.1411
12.4001
11.67
10.9473
10.2291
9.51312
8.79762
8.08132
7.36343
6.64336
5.92102
5.19608
4.46918
3.73941
3.00953
2.27339
1.54926
0.784638
0.189984
-19.9161
-20.0895
-21.1944
-20.0764
-14.8942
-6.83689
1.70325
8.9115
14.0753
17.2812
18.9608
19.5887
19.5526
19.1267
18.4886
17.7462
16.9615
16.1682
15.3826
14.6113
13.8554
13.1133
12.3823
11.6595
10.942
10.2274
9.51377
8.79978
8.08437
7.36692
6.647
5.92455
5.19943
4.47198
3.74196
3.01028
2.27438
1.54048
0.774954
0.0479131
-20.5466
-20.4893
-21.4953
-20.094
-14.5807
-6.37555
2.09108
9.10823
14.0716
17.1249
18.7131
19.3023
19.2652
18.8617
18.258
17.5544
16.8079
16.0491
15.293
14.5459
13.8092
13.082
12.3622
11.6475
10.9358
10.2252
9.51433
8.80206
8.08768
7.37074
6.65102
5.92846
5.20317
4.47512
3.74484
3.01119
2.27608
1.53043
0.771417
-0.115249
-21.2871
-20.9321
-21.7064
-19.8804
-13.9978
-5.71884
2.56425
9.30357
14.0184
16.9017
18.399
18.9582
18.931
18.5601
17.9996
17.3417
16.6385
15.9182
15.1948
14.4743
13.7587
13.0477
12.34
11.6343
10.9289
10.2228
9.5149
8.80454
8.0913
7.37495
6.65545
5.9328
5.2073
4.47866
3.74804
3.01253
2.27807
1.52166
0.772328
-0.251058
-22.1381
-21.4044
-21.7923
-19.3909
-13.1296
-4.88166
3.09689
9.47504
13.9011
16.6035
18.0148
18.5552
18.5503
18.2231
17.7149
17.1096
16.455
15.7771
15.0892
14.3974
13.7044
13.0108
12.3162
11.6201
10.9216
10.2203
9.51558
8.80729
8.0953
7.37959
6.66033
5.9376
5.21184
4.48267
3.75151
3.01456
2.27986
1.51671
0.774841
-0.313915
-23.1018
-21.8882
-21.7047
-18.5849
-11.983
-3.90048
3.65153
9.5966
13.7054
16.2246
17.5598
18.095
18.1256
17.8535
17.4064
16.8604
16.2594
15.6275
14.9776
14.3164
13.6474
12.9722
12.2914
11.6054
10.9141
10.2178
9.51655
8.81044
8.09975
7.38471
6.66569
5.94287
5.21682
4.48715
3.75526
3.01745
2.28112
1.51718
0.776214
-0.278413
-24.1814
-22.3503
-21.3758
-17.4369
-10.5951
-2.83222
4.18308
9.64206
13.4198
15.7625
17.0358
17.5812
17.6611
17.4551
17.0776
16.5973
16.0542
15.4714
14.8617
14.2326
13.5887
12.9326
12.2661
11.5905
10.9068
10.2157
9.51794
8.81407
8.10472
7.39035
6.67157
5.94866
5.22225
4.49214
3.75931
3.02122
2.28186
1.52299
0.775
-0.151363
-25.3783
-22.7244
-20.7245
-15.9542
-9.03597
-1.74832
4.64486
9.58885
13.0375
15.2185
16.4478
17.02
17.1627
17.0333
16.733
16.3236
15.8423
15.311
14.7433
14.1474
13.5293
12.8928
12.2409
11.5761
10.8999
10.2141
9.51991
8.8183
8.11027
7.39657
6.67797
5.95494
5.22813
4.4976
3.7637
3.02572
2.28249
1.53233
0.771626
0.0275082
-26.693
-22.894
-19.6834
-14.1915
-7.40237
-0.724493
4.99542
9.42143
12.5578
14.5985
15.8041
16.4196
16.6377
16.5941
16.3775
16.0435
15.6268
15.149
14.6242
14.0623
13.4703
12.8536
12.2165
11.5623
10.8939
10.2133
9.5226
8.82321
8.11645
7.40336
6.68491
5.96172
5.23447
4.50349
3.76853
3.03067
2.28372
1.54225
0.768066
0.197896
-28.1448
-22.7081
-18.2408
-12.2525
-5.80207
0.171353
5.20449
9.13337
11.986
13.9128
15.1156
15.7901
16.0948
16.1445
16.0166
15.7612
15.4109
14.9876
14.5064
13.9786
13.4128
12.8159
12.1934
11.5498
10.8888
10.2135
9.52613
8.82886
8.1233
7.41075
6.69237
5.96896
5.24123
4.50974
3.77384
3.03577
2.28623
1.54975
0.766754
0.300424
-28.6846
-22.0509
-16.4642
-10.269
-4.33353
0.88917
5.25636
8.72789
11.334
13.1753
14.3955
15.1427
15.5431
15.6919
15.656
15.481
15.1981
14.8295
14.3917
13.8978
13.3578
12.7803
12.1721
11.5388
10.8851
10.2147
9.53057
8.83528
8.13079
7.41869
6.70031
5.97661
5.24838
4.51628
3.77966
3.04081
2.29045
1.55296
0.769286
0.298977
-28.1767
-20.9071
-14.4825
-8.36766
-3.06901
1.40182
5.1503
8.21695
10.618
12.4025
13.6585
14.4897
14.9924
15.2438
15.3015
15.2072
14.9913
14.6768
14.2818
13.8209
13.3061
12.7474
12.153
11.5296
10.8828
10.217
9.53595
8.84246
8.13891
7.42714
6.70867
5.98461
5.25585
4.52304
3.78591
3.04574
2.2963
1.55189
0.775561
0.194625
-27.2215
-19.3349
-12.4338
-6.64245
-2.04776
1.70441
4.89838
7.61916
9.85765
11.6121
12.9195
13.8432
14.452
14.8073
14.9584
14.9438
14.7936
14.5318
14.1781
13.7491
13.2585
12.7177
12.1364
11.5223
10.882
10.2206
9.54224
8.85034
8.14757
7.43601
6.71736
5.99286
5.26355
4.52997
3.79246
3.05066
2.30326
1.54841
0.783812
0.0252156
-25.5207
-17.407
-10.4213
-5.14482
-1.27911
1.8097
4.52205
6.95752
9.07419
10.8224
12.1934
13.2147
13.9309
14.3891
14.6316
14.6944
14.6075
14.3962
14.082
13.6833
13.2154
12.6915
12.1225
11.5171
10.8827
10.2252
9.54936
8.85884
8.15667
7.44519
6.72626
6.00127
5.27137
4.537
3.79913
3.05577
2.31051
1.54545
0.791515
-0.149212
-23.0061
-15.189
-8.50491
-3.89154
-0.750984
1.74227
4.04842
6.25698
8.28885
10.0507
11.4939
12.6148
13.4369
13.9951
14.3255
14.4621
14.4352
14.2715
13.9944
13.624
13.1774
12.6691
12.1113
11.5139
10.8849
10.231
9.55721
8.86782
8.16607
7.45455
6.73526
6.00972
5.27917
4.54407
3.80575
3.06124
2.3173
1.54586
0.796692
-0.26899
-19.7572
-12.7479
-6.71698
-2.8781
-0.438335
1.53351
3.50719
5.54263
7.52172
9.31267
10.8329
12.0525
12.9769
13.6301
14.0434
14.2492
14.2783
14.1589
13.916
13.5716
13.1445
12.6506
12.103
11.5127
10.8885
10.2376
9.56562
8.87712
8.17563
7.46396
6.74422
6.01809
5.28686
4.55107
3.81215
3.06714
2.32316
1.5513
0.798971
-0.296058
-15.9419
-10.1594
-5.07637
-2.0882
-0.308922
1.21785
2.92823
4.83803
6.79071
8.62167
10.2205
11.5351
12.5558
13.2978
13.7879
14.0574
14.1379
14.0589
13.8472
13.5264
13.1169
12.6357
12.0972
11.5132
10.8932
10.2449
9.57441
8.88658
8.18519
7.47325
6.753
6.02626
5.2943
4.55793
3.81825
3.07336
2.32805
1.56166
0.799866
-0.22567
-11.7734
-7.50818
-3.59547
-1.49882
-0.326916
0.830128
2.3397
4.16407
6.11083
7.98842
9.66404
11.0678
12.1775
13.0005
13.5604
13.8877
14.0144
13.9717
13.788
13.4883
13.0943
12.6244
12.0939
11.5153
10.8989
10.2527
9.58339
8.896
8.19457
7.48229
6.76148
6.03412
5.30141
4.56452
3.82399
3.07967
2.3323
1.57526
0.802142
-0.0849648
-7.47971
-4.88489
-2.28301
-1.08294
-0.455459
0.403456
1.76653
3.53805
5.49364
7.42059
9.16871
10.654
11.8438
12.7394
13.3616
13.7402
13.908
13.8974
13.7382
13.4569
13.0765
12.6164
12.0927
11.5188
10.9053
10.2609
9.59236
8.90523
8.20364
7.49094
6.76954
6.04155
5.30812
4.57076
3.82938
3.08579
2.33637
1.58952
0.808614
0.079578
-3.27995
-2.38092
-1.14505
-0.811674
-0.658899
-0.0325658
1.22932
2.97297
4.94696
6.92266
8.73694
10.2947
11.5552
12.5146
13.1912
13.6146
13.8181
13.8353
13.6973
13.4319
13.0631
12.6113
12.0934
11.5233
10.9121
10.2691
9.60117
8.91413
8.21227
7.49911
6.7771
6.0485
5.31436
4.57657
3.83441
3.09146
2.34068
1.60192
0.820907
0.21966
0.632283
-0.0815975
-0.185015
-0.656267
-0.904895
-0.453377
0.743403
2.47716
4.47468
6.496
8.36869
9.98931
11.3106
12.3248
13.0482
13.5099
13.744
13.7849
13.6649
13.4128
13.0538
12.6089
12.0957
11.5286
10.9193
10.2772
9.60969
8.92259
8.22039
7.50673
6.78411
6.05492
5.32011
4.5819
3.8391
3.0965
2.3454
1.61081
0.838747
0.300557
4.10152
1.94059
0.596603
-0.589953
-1.1663
-0.840644
0.318309
2.05409
4.07679
6.13892
8.06165
9.73542
11.108
12.1683
12.931
13.4249
13.6845
13.7452
13.6401
13.3992
13.0481
12.6087
12.0992
11.5346
10.9267
10.2852
9.61785
8.93056
8.22796
7.51378
6.79057
6.06079
5.32538
4.58673
3.84345
3.10088
2.35041
1.61578
0.860028
0.309308
7.01856
3.63202
1.20284
-0.589616
-1.42269
-1.18302
-0.0424018
1.70251
3.74968
5.84699
7.81148
9.52918
10.944
12.0423
12.8374
13.3578
13.6384
13.7153
13.6224
13.3903
13.0456
12.6106
12.104
11.5411
10.9341
10.293
9.62562
8.93804
8.23499
7.52027
6.79649
6.06615
5.33019
4.5911
3.84746
3.10464
2.35542
1.61751
0.88157
0.254312
9.32495
4.96246
1.64065
-0.637107
-1.66132
-1.47638
-0.340963
1.41677
3.48648
5.61348
7.61224
9.36568
10.8148
11.9439
12.7653
13.3071
13.6046
13.6944
13.6111
13.386
13.0461
12.6144
12.1098
11.548
10.9416
10.3007
9.63305
8.94508
8.24154
7.52627
6.80193
6.07104
5.33459
4.59506
3.85114
3.10791
2.36008
1.61735
0.900221
0.158345
11.014
5.92736
1.92099
-0.720125
-1.87747
-1.72358
-0.584823
1.18753
3.27779
5.42995
7.4569
9.23936
10.7162
11.87
12.7124
13.2712
13.5819
13.6817
13.6057
13.3858
13.0494
12.6199
12.1167
11.5556
10.9493
10.3082
9.64025
8.9518
8.24771
7.53188
6.80698
6.07557
5.33864
4.59867
3.85452
3.11082
2.36412
1.61671
0.91389
0.0488688
12.128
6.54748
2.05824
-0.832568
-2.07409
-1.93359
-0.785673
1.00268
3.11247
5.28694
7.3379
9.14447
10.6439
11.8176
12.6765
13.2485
13.5694
13.6766
13.6059
13.3896
13.0555
12.6274
12.1248
11.5638
10.9574
10.3159
9.64738
8.95834
8.25365
7.53722
6.81176
6.07983
5.34244
4.60204
3.85764
3.1135
2.36744
1.61663
0.922192
-0.0505614
12.752
6.86576
2.06921
-0.974318
-2.26073
-2.12013
-0.958101
0.848563
2.97869
5.17482
7.2478
9.07548
10.5939
11.7838
12.6558
13.2379
13.5662
13.6787
13.6116
13.3974
13.0645
12.6368
12.1342
11.5729
10.966
10.3238
9.65462
8.96488
8.25951
7.54244
6.8164
6.08393
5.34608
4.60527
3.86055
3.11606
2.37011
1.61744
0.926629
-0.125427
13.0023
6.94136
1.97146
-1.15045
-2.45179
-2.29982
-1.1179
0.711348
2.86501
5.08461
7.17985
9.02752
10.563
11.7665
12.6489
13.2386
13.5721
13.6879
13.6226
13.4093
13.0766
12.6486
12.1453
11.5832
10.9754
10.3323
9.6622
8.97162
8.26547
7.5477
6.82102
6.088
5.34965
4.60844
3.86331
3.11858
2.37232
1.61878
0.930391
-0.171405
13.0106
6.84111
1.78131
-1.3699
-2.66414
-2.48981
-1.28013
0.578594
2.76157
5.00877
7.12852
8.9967
10.5483
11.7639
12.6547
13.2499
13.5867
13.704
13.6392
13.4256
13.092
12.6629
12.1584
11.5949
10.9858
10.3415
9.67031
8.97872
8.27167
7.55312
6.82574
6.09215
5.35323
4.61165
3.86598
3.12111
2.37432
1.61966
0.938036
-0.192497
12.902
6.62851
1.51133
-1.64363
-2.91421
-2.70519
-1.45706
0.440678
2.66104
4.94188
7.08994
8.98037
10.5483
11.775
12.6728
13.2717
13.61
13.7274
13.6616
13.4464
13.111
12.6799
12.1735
11.6083
10.9975
10.3517
9.6791
8.98634
8.27824
7.55881
6.83064
6.09644
5.35687
4.61497
3.86858
3.12371
2.3764
1.61866
0.95529
-0.197708
