Vec Object: 1 MPI processes
  type: seq
0.
-0.0115414
-0.0344239
-0.0469865
-0.0455558
-0.034331
-0.0190609
-0.00402476
0.00859543
0.0181998
0.0250443
0.0297015
0.0327654
0.0347296
0.0359622
0.0367202
0.0371757
0.0374408
0.0375877
0.0376621
0.0376927
0.0376976
0.0376882
0.0376714
0.0376515
0.0376311
0.0376116
0.0375939
0.0375781
0.0375644
0.0375527
0.0375428
0.0375345
0.0375277
0.0375219
0.0375172
0.0375131
0.0375096
0.0375063
0.0375021
0.037476
0.
-0.0327587
-0.0896846
-0.12112
-0.117578
-0.0889212
-0.0492298
-0.00937151
0.0247903
0.0513633
0.0707349
0.0842309
0.0933327
0.0993245
0.103195
0.105653
0.107187
0.108124
0.108678
0.108989
0.109148
0.109213
0.109222
0.1092
0.10916
0.109113
0.109065
0.109019
0.108977
0.108939
0.108907
0.108878
0.108855
0.108834
0.108818
0.108803
0.108791
0.108781
0.108771
0.10876
0.108735
0.
-0.0510479
-0.132493
-0.17692
-0.171276
-0.129258
-0.070611
-0.0109209
0.0410566
0.0821879
0.112716
0.134385
0.149283
0.159289
0.165889
0.170178
0.172922
0.174648
0.175707
0.176333
0.176681
0.176853
0.176916
0.176914
0.176874
0.176815
0.176748
0.176681
0.176617
0.176559
0.176508
0.176463
0.176425
0.176392
0.176364
0.176341
0.176321
0.176304
0.176288
0.176272
0.176247
0.
-0.0658844
-0.16369
-0.215414
-0.206936
-0.154698
-0.0819259
-0.00716199
0.0588343
0.111887
0.151933
0.18086
0.20111
0.214963
0.224277
0.230449
0.234482
0.237079
0.238716
0.23972
0.240308
0.240627
0.240774
0.240815
0.240792
0.240734
0.240659
0.240578
0.240498
0.240423
0.240355
0.240296
0.240244
0.2402
0.240162
0.24013
0.240102
0.240079
0.240057
0.240036
0.240012
0.
-0.0771043
-0.183923
-0.2373
-0.224586
-0.164431
-0.0817587
0.00356297
0.0797274
0.141842
0.189489
0.224493
0.249424
0.266781
0.278658
0.286671
0.292006
0.295508
0.297766
0.299189
0.300053
0.300548
0.300804
0.300908
0.300917
0.300871
0.300796
0.300707
0.300616
0.300528
0.300447
0.300375
0.300311
0.300256
0.300208
0.300168
0.300134
0.300104
0.300077
0.300051
0.30003
0.
-0.0847715
-0.19375
-0.243154
-0.22427
-0.15777
-0.0688423
0.0228084
0.105304
0.17346
0.226547
0.266193
0.294909
0.315242
0.32939
0.339095
0.345665
0.350053
0.352935
0.35479
0.355947
0.356637
0.357018
0.357198
0.357251
0.357227
0.357159
0.357069
0.35697
0.356873
0.356781
0.356698
0.356624
0.356559
0.356503
0.356455
0.356414
0.356379
0.356347
0.356317
0.356298
0.
-0.0890696
-0.193675
-0.233566
-0.206241
-0.134391
-0.0422968
0.0518054
0.13691
0.208019
0.264217
0.306864
0.338269
0.360875
0.37686
0.387999
0.395657
0.40085
0.404317
0.406587
0.408034
0.408921
0.409432
0.409695
0.409799
0.409802
0.409747
0.40966
0.409559
0.409455
0.409356
0.409263
0.409181
0.409108
0.409044
0.40899
0.408943
0.408903
0.408867
0.408833
0.408816
0.
-0.0902113
-0.184156
-0.209214
-0.171096
-0.0944903
-0.00181094
0.0912854
0.175512
0.246542
0.303453
0.347328
0.380172
0.404201
0.421463
0.433674
0.442192
0.44805
0.452017
0.454652
0.456361
0.457431
0.458066
0.458412
0.458567
0.458601
0.458562
0.458481
0.458381
0.458274
0.458168
0.45807
0.45798
0.4579
0.457831
0.457771
0.457719
0.457674
0.457635
0.457598
0.457582
0.
-0.0883567
-0.165571
-0.170902
-0.119849
-0.0388914
0.0522469
0.141359
0.221577
0.289684
0.344959
0.388245
0.421188
0.445688
0.463565
0.4764
0.485477
0.491802
0.49614
0.49906
0.500979
0.502201
0.502943
0.503361
0.503563
0.503627
0.503605
0.503533
0.503435
0.503326
0.503218
0.503114
0.50302
0.502935
0.502861
0.502797
0.502741
0.502693
0.502651
0.502612
0.502595
0.
-0.0835357
-0.138183
-0.119568
-0.053952
0.0309409
0.118793
0.201464
0.275001
0.337658
0.389118
0.430055
0.461743
0.485708
0.503475
0.51642
0.5257
0.532247
0.536791
0.539884
0.54194
0.543267
0.544086
0.544558
0.544798
0.544886
0.544878
0.544814
0.54472
0.544612
0.544502
0.544396
0.544299
0.544211
0.544133
0.544066
0.544007
0.543957
0.543913
0.543873
0.543854
0.
-0.0755723
-0.102102
-0.0562743
0.0247398
0.112946
0.196069
0.270377
0.335102
0.390207
0.435949
0.472929
0.502071
0.524504
0.541415
0.553922
0.56301
0.569501
0.574055
0.577187
0.57929
0.58066
0.581516
0.582017
0.582278
0.582382
0.582385
0.582327
0.582236
0.58213
0.58202
0.581914
0.581815
0.581726
0.581647
0.581578
0.581518
0.581467
0.581421
0.581383
0.581359
0.
-0.0640095
-0.0572621
0.0178063
0.114028
0.204576
0.281751
0.346297
0.40066
0.446607
0.485098
0.516752
0.542194
0.562166
0.577495
0.589017
0.597507
0.603645
0.607997
0.611018
0.613063
0.614406
0.615251
0.61575
0.616013
0.61612
0.616126
0.616072
0.615984
0.61588
0.615772
0.615666
0.615568
0.615479
0.6154
0.615331
0.615271
0.61522
0.615175
0.615138
0.615108
0.
-0.0480376
-0.00342959
0.101386
0.211458
0.30294
0.373104
0.426975
0.470009
0.50573
0.535859
0.561122
0.581911
0.598613
0.611705
0.621725
0.629224
0.634716
0.638651
0.641405
0.643283
0.644521
0.645303
0.645765
0.646008
0.646104
0.646106
0.646051
0.645964
0.645862
0.645756
0.645653
0.645557
0.64547
0.645393
0.645326
0.645267
0.645218
0.645173
0.64514
0.645102
0.
-0.0264275
0.0597406
0.193046
0.314407
0.404971
0.467174
0.509881
0.541163
0.566123
0.587231
0.605382
0.620809
0.633599
0.643904
0.651974
0.658127
0.662699
0.666012
0.66835
0.669952
0.671011
0.671677
0.672066
0.672264
0.672335
0.672324
0.672263
0.672176
0.672075
0.671973
0.671874
0.671782
0.671699
0.671625
0.671561
0.671505
0.671459
0.671415
0.671388
0.671343
0.
0.0025274
0.132601
0.291199
0.420176
0.507595
0.560973
0.592383
0.611969
0.626126
0.637992
0.648668
0.658297
0.666728
0.673833
0.679595
0.684108
0.687529
0.690042
0.69183
0.693058
0.693866
0.694367
0.69465
0.694782
0.694813
0.694781
0.69471
0.69462
0.694521
0.694422
0.694329
0.694242
0.694165
0.694097
0.694037
0.693986
0.693943
0.693903
0.69388
0.69383
0.
0.0410554
0.215356
0.394049
0.526074
0.607879
0.651655
0.671915
0.680251
0.683985
0.686789
0.689971
0.693642
0.69748
0.701129
0.70434
0.707
0.709091
0.710663
0.711794
0.712568
0.713067
0.713362
0.71351
0.713557
0.713537
0.713475
0.713391
0.713296
0.713199
0.713105
0.713018
0.712939
0.712869
0.712808
0.712755
0.712709
0.712671
0.712635
0.712618
0.712565
0.
0.0919313
0.307871
0.499562
0.629499
0.703158
0.736662
0.746129
0.743947
0.737971
0.732231
0.72821
0.726027
0.725251
0.725353
0.725895
0.726579
0.727231
0.72777
0.728169
0.728432
0.72858
0.728639
0.728632
0.72858
0.7285
0.728406
0.728305
0.728205
0.72811
0.728023
0.727943
0.727873
0.727812
0.727759
0.727714
0.727674
0.727643
0.727612
0.7276
0.72755
0.
0.158476
0.409458
0.60547
0.728018
0.791128
0.813824
0.812997
0.801221
0.786486
0.77298
0.762304
0.754605
0.749393
0.746021
0.743901
0.742587
0.741764
0.741232
0.740864
0.740589
0.740365
0.740172
0.739999
0.739842
0.739698
0.739568
0.739451
0.739347
0.739255
0.739175
0.739106
0.739046
0.738995
0.738952
0.738916
0.738885
0.73886
0.738836
0.738828
0.738784
0.
0.244525
0.518658
0.709316
0.819447
0.869903
0.881415
0.870885
0.85054
0.828139
0.807827
0.79124
0.778556
0.769262
0.762636
0.757988
0.754749
0.752491
0.750906
0.749781
0.74897
0.748375
0.74793
0.747592
0.74733
0.747124
0.746961
0.746829
0.746723
0.746636
0.746565
0.746507
0.746459
0.74642
0.746388
0.746362
0.74634
0.746323
0.746306
0.746302
0.74627
0.
0.354369
0.633059
0.808561
0.901914
0.938041
0.938169
0.918579
0.890716
0.861805
0.835747
0.814129
0.797136
0.784256
0.774729
0.767793
0.762794
0.759211
0.756648
0.754816
0.753504
0.752562
0.751882
0.751391
0.751033
0.750772
0.75058
0.750438
0.750333
0.750254
0.750194
0.75015
0.750115
0.750089
0.750069
0.750054
0.750042
0.750033
0.750025
0.750024
0.750006
0.14625
0.492662
0.749142
0.900733
0.973919
0.994532
0.983255
0.955272
0.920922
0.886648
0.855944
0.830247
0.809721
0.793857
0.781881
0.772992
0.766476
0.761742
0.758326
0.755876
0.754125
0.752881
0.751999
0.751378
0.750941
0.750636
0.750424
0.750278
0.750178
0.750111
0.750066
0.750036
0.750017
0.750005
0.749998
0.749994
0.749992
0.749992
0.749992
0.749993
0.749993
0.41625
0.649409
0.862185
0.983614
1.03436
1.03876
1.01624
0.980535
0.940674
0.902135
0.867864
0.839065
0.815832
0.797655
0.783757
0.773319
0.765589
0.759931
0.755828
0.75288
0.75078
0.749296
0.748258
0.747538
0.747046
0.746713
0.746493
0.746351
0.746263
0.74621
0.746182
0.746169
0.746166
0.746169
0.746176
0.746184
0.746193
0.746201
0.74621
0.746213
0.746231
0.65625
0.805336
0.967463
1.05544
1.0825
1.07046
1.03701
0.994263
0.949798
0.908013
0.871204
0.840257
0.815159
0.795371
0.780121
0.768583
0.759987
0.753666
0.749073
0.745773
0.743429
0.741783
0.740643
0.739865
0.739344
0.739004
0.738789
0.73866
0.738589
0.738556
0.738547
0.738553
0.738567
0.738585
0.738606
0.738625
0.738645
0.738661
0.738679
0.738685
0.738718
0.86625
0.950913
1.06169
1.11497
1.11795
1.08961
1.0457
0.996616
0.948389
0.904289
0.865891
0.833707
0.80756
0.786868
0.77085
0.758681
0.749586
0.742886
0.738017
0.734524
0.732053
0.73033
0.72915
0.728356
0.727838
0.727511
0.727316
0.727209
0.727162
0.727151
0.727164
0.72719
0.727222
0.727256
0.727289
0.727321
0.72735
0.727375
0.7274
0.72741
0.727455
1.04625
1.08121
1.14274
1.16142
1.14056
1.0964
1.04267
0.987956
0.93676
0.891191
0.852072
0.819489
0.793068
0.772148
0.755933
0.743599
0.734375
0.727582
0.722654
0.719133
0.716655
0.714942
0.713783
0.71302
0.712534
0.712241
0.712079
0.712005
0.711986
0.712002
0.712038
0.712084
0.712134
0.712183
0.71223
0.712272
0.71231
0.712343
0.712375
0.712389
0.712441
1.19625
1.19316
1.20908
1.19424
1.15031
1.09113
1.02838
0.968803
0.915398
0.869135
0.830075
0.797855
0.771866
0.751347
0.73547
0.723411
0.714409
0.707798
0.703021
0.699626
0.697257
0.695639
0.694561
0.693868
0.693444
0.693204
0.693088
0.693053
0.693068
0.693113
0.693173
0.69324
0.693306
0.69337
0.693428
0.69348
0.693527
0.693566
0.693604
0.693623
0.693678
1.31625
1.28446
1.25942
1.21298
1.14728
1.0742
1.00338
0.939783
0.884921
0.838682
0.800385
0.769204
0.744276
0.724719
0.709659
0.698271
0.689807
0.683624
0.679186
0.676059
0.673902
0.672451
0.671508
0.670922
0.670583
0.670413
0.670353
0.670363
0.670414
0.670489
0.670573
0.670659
0.670741
0.670818
0.670886
0.670947
0.671001
0.671046
0.671088
0.671112
0.671166
1.40625
1.35329
1.2926
1.21722
1.13156
1.04602
0.968302
0.901601
0.846049
0.800512
0.763608
0.734058
0.710733
0.692615
0.67878
0.668397
0.66074
0.655193
0.651251
0.648508
0.646647
0.645425
0.644657
0.644206
0.643971
0.643881
0.643883
0.643941
0.644031
0.644134
0.644241
0.644345
0.644441
0.644529
0.644606
0.644674
0.644732
0.644782
0.644827
0.644856
0.644906
1.46625
1.39816
1.30753
1.2066
1.10328
1.00705
0.923794
0.855019
0.799571
0.755388
0.720443
0.693028
0.671752
0.65546
0.643174
0.634059
0.627414
0.622662
0.619335
0.617063
0.615561
0.614609
0.614045
0.613748
0.613629
0.613625
0.613691
0.613798
0.613923
0.614054
0.614181
0.6143
0.614408
0.614504
0.614588
0.61466
0.614723
0.614775
0.614823
0.614856
0.614899
1.49625
1.41791
1.30325
1.18075
1.0626
0.957785
0.870555
0.800844
0.746331
0.704134
0.67165
0.646786
0.627906
0.613726
0.603219
0.595554
0.590062
0.586209
0.583572
0.581825
0.580716
0.580059
0.579713
0.579576
0.579575
0.579657
0.579786
0.579938
0.580096
0.580251
0.580395
0.580525
0.580642
0.580743
0.580831
0.580906
0.580971
0.581025
0.581073
0.58111
0.581146
1.49625
1.41169
1.27896
1.1394
1.0097
0.898756
0.809321
0.739921
0.68721
0.647607
0.618023
0.596032
0.579789
0.567902
0.559308
0.553191
0.548921
0.546013
0.544097
0.542891
0.542186
0.541826
0.541697
0.541717
0.541829
0.541992
0.542178
0.542369
0.542554
0.542727
0.542883
0.543022
0.543143
0.543247
0.543337
0.543413
0.543478
0.543532
0.543579
0.543619
0.543648
1.46625
1.37889
1.23404
1.08236
0.944873
0.830548
0.740871
0.673127
0.623112
0.586681
0.560362
0.541467
0.527993
0.518471
0.511826
0.507269
0.504219
0.502247
0.501037
0.500357
0.500038
0.499958
0.500031
0.500195
0.500407
0.500638
0.500871
0.501094
0.501299
0.501484
0.501647
0.501789
0.501911
0.502016
0.502104
0.502178
0.502241
0.502294
0.50234
0.50238
0.502404
1.40625
1.31914
1.16806
1.0096
0.868467
0.753825
0.666044
0.601377
0.554955
0.522223
0.499446
0.483764
0.473078
0.465887
0.46113
0.458064
0.456164
0.455064
0.454504
0.454302
0.454329
0.454497
0.454743
0.455027
0.45532
0.455605
0.455872
0.456115
0.456331
0.456521
0.456685
0.456826
0.456946
0.457046
0.457131
0.457202
0.457262
0.457312
0.457355
0.457394
0.457414
1.31625
1.23227
1.0808
0.921202
0.780975
0.669343
0.585735
0.52561
0.483651
0.455072
0.436011
0.423543
0.41555
0.41055
0.40753
0.405809
0.404932
0.404594
0.404592
0.404793
0.405105
0.405471
0.405853
0.406226
0.406575
0.406895
0.40718
0.407431
0.407649
0.407837
0.407996
0.408131
0.408244
0.408338
0.408417
0.408483
0.408537
0.408583
0.408623
0.40866
0.408678
1.19625
1.11825
0.972223
0.81746
0.683035
0.57797
0.500906
0.446787
0.410096
0.38602
0.37073
0.361355
0.355846
0.352798
0.351282
0.350696
0.350659
0.350933
0.351369
0.351875
0.352397
0.352902
0.353372
0.353798
0.354177
0.354508
0.354796
0.355042
0.355252
0.355429
0.355578
0.355702
0.355805
0.35589
0.35596
0.356019
0.356067
0.356108
0.356143
0.356177
0.356195
1.04625
0.977167
0.84248
0.698847
0.575448
0.480684
0.412577
0.36587
0.335144
0.31579
0.304189
0.297661
0.294318
0.292895
0.292577
0.29286
0.293443
0.294149
0.294879
0.295578
0.296222
0.296798
0.297305
0.297744
0.298122
0.298443
0.298715
0.298944
0.299135
0.299294
0.299426
0.299535
0.299625
0.299698
0.299759
0.299808
0.29985
0.299884
0.299914
0.299944
0.299962
0.86625
0.809129
0.691839
0.56603
0.459188
0.378575
0.321807
0.283807
0.259592
0.245018
0.236878
0.232826
0.231232
0.231027
0.231545
0.23239
0.23334
0.234276
0.235141
0.235912
0.236583
0.237159
0.237648
0.23806
0.238406
0.238694
0.238933
0.239132
0.239295
0.239429
0.239539
0.239629
0.239702
0.239762
0.239811
0.239851
0.239884
0.239911
0.239936
0.23996
0.23998
0.65625
0.614136
0.520633
0.419843
0.335377
0.272812
0.229664
0.201499
0.184153
0.174243
0.169187
0.16712
0.166768
0.167312
0.168259
0.169328
0.170373
0.171325
0.17216
0.172873
0.173475
0.173978
0.174395
0.174739
0.175022
0.175254
0.175445
0.1756
0.175726
0.175829
0.175913
0.17598
0.176035
0.176079
0.176115
0.176144
0.176168
0.176188
0.176206
0.176225
0.176246
0.41625
0.391872
0.329129
0.261225
0.205232
0.164592
0.137183
0.119766
0.109439
0.103895
0.101402
0.100724
0.101033
0.101808
0.102745
0.103681
0.104538
0.105286
0.10592
0.106449
0.106886
0.107243
0.107534
0.10777
0.107962
0.108117
0.108242
0.108344
0.108425
0.108491
0.108544
0.108586
0.10862
0.108648
0.10867
0.108687
0.108702
0.108714
0.108725
0.108738
0.108759
0.14625
0.14139
0.117344
0.0910948
0.0699659
0.0550599
0.0453018
0.0393181
0.035949
0.0343025
0.0337219
0.0337477
0.0340782
0.0345296
0.0349989
0.0354348
0.0358163
0.0361387
0.0364054
0.0366229
0.0367989
0.0369405
0.037054
0.0371449
0.0372175
0.0372755
0.0373218
0.0373587
0.0373881
0.0374115
0.0374301
0.0374449
0.0374567
0.0374661
0.0374736
0.0374797
0.0374846
0.0374888
0.0374926
0.0374975
0.0375186
0.
0.
0.
0.
0.
0.
0.
0.
0.
0.
0.
0.
0.
0.
0.
0.
0.
0.
0.
0.
0.
0.
0.
0.
0.
0.
0.
0.
0.
0.
0.
0.
0.
0.
0.
0.
0.
0.
0.
0.
0.00230829
0.0045765
0.00251252
-0.000286151
-0.00224495
-0.00305404
-0.00300722
-0.00252404
-0.00192088
-0.0013689
-0.000931447
-0.000612762
-0.000392847
-0.000246529
-0.000151596
-9.10874e-05
-5.30347e-05
-2.93824e-05
-1.48689e-05
-6.11838e-06
-9.85714e-07
1.88673e-06
3.3583e-06
3.97384e-06
4.07936e-06
3.89436e-06
3.55733e-06
3.15459e-06
2.73863e-06
2.34024e-06
1.97592e-06
1.65406e-06
1.37635e-06
1.14444e-06
9.53581e-07
8.08352e-07
7.07086e-07
6.52265e-07
8.37475e-07
5.23293e-06
0.00886003
0.0159617
0.00879958
-0.000994554
-0.00797628
-0.0109923
-0.0109789
-0.0093564
-0.00723548
-0.0052432
-0.00363067
-0.00243311
-0.00159122
-0.00102058
-0.000643232
-0.000397913
-0.000240361
-0.000140173
-7.71052e-05
-3.79196e-05
-1.40457e-05
4.45857e-08
7.91756e-06
1.18783e-05
1.34197e-05
1.3509e-05
1.27706e-05
1.16045e-05
1.02624e-05
8.89914e-06
7.60462e-06
6.42997e-06
5.3957e-06
4.51676e-06
3.78299e-06
3.21352e-06
2.80415e-06
2.56878e-06
3.0034e-06
1.04123e-05
0.0190696
0.0322507
0.017685
-0.00212334
-0.01638
-0.0227217
-0.0229169
-0.0197519
-0.0154617
-0.0113489
-0.00796443
-0.00541263
-0.00359239
-0.00234072
-0.00150094
-0.000946828
-0.000585462
-0.000351937
-0.000202355
-0.000107583
-4.84832e-05
-1.2532e-05
8.46284e-06
1.98705e-05
2.52167e-05
2.68179e-05
2.61924e-05
2.43287e-05
2.18618e-05
1.91926e-05
1.65632e-05
1.41182e-05
1.19266e-05
1.00367e-05
8.43948e-06
7.18103e-06
6.25437e-06
5.69039e-06
6.29424e-06
1.54157e-05
0.0322465
0.0518118
0.0280299
-0.00381902
-0.0268275
-0.0372761
-0.0378697
-0.0329512
-0.0260722
-0.0193581
-0.0137499
-0.00946252
-0.00636308
-0.00420347
-0.0027353
-0.0017536
-0.00110468
-0.000679472
-0.00040311
-0.00022522
-0.000112259
-4.19898e-05
3.16576e-07
2.44328e-05
3.68522e-05
4.18916e-05
4.24145e-05
4.03102e-05
3.6811e-05
3.27092e-05
2.84967e-05
2.44762e-05
2.08059e-05
1.75954e-05
1.48489e-05
1.26553e-05
1.10038e-05
9.94522e-06
1.05937e-05
2.01027e-05
0.0476674
0.0731755
0.0387052
-0.00636177
-0.0388586
-0.0538105
-0.054934
-0.048184
-0.0384952
-0.0288874
-0.0207507
-0.0144487
-0.00983455
-0.00657891
-0.00433784
-0.00282058
-0.00180505
-0.0011312
-0.000687534
-0.000398031
-0.000211396
-9.32039e-05
-2.03781e-05
2.25638e-05
4.60204e-05
5.69773e-05
6.01174e-05
5.85645e-05
5.4382e-05
4.89155e-05
4.30176e-05
3.72249e-05
3.18335e-05
2.70492e-05
2.29055e-05
1.95545e-05
1.6977e-05
1.52489e-05
1.58262e-05
2.43618e-05
0.0646217
0.0949711
0.0485862
-0.0101386
-0.0521585
-0.0715962
-0.0732641
-0.0646831
-0.0521265
-0.0395047
-0.0286799
-0.0201919
-0.0139011
-0.00940854
-0.00627879
-0.00413462
-0.00268259
-0.00170778
-0.00105841
-0.000629521
-0.000349407
-0.000169361
-5.63617e-05
1.1985e-05
5.08698e-05
7.05953e-05
7.81334e-05
7.81799e-05
7.38689e-05
6.72693e-05
5.97121e-05
5.20499e-05
4.4771e-05
3.82166e-05
3.24689e-05
2.77667e-05
2.40739e-05
2.15035e-05
2.19176e-05
2.81541e-05
0.0824356
0.115892
0.0565644
-0.0156036
-0.0665287
-0.0900149
-0.0920846
-0.0817041
-0.0663482
-0.0507443
-0.0372095
-0.0264729
-0.0184223
-0.0126056
-0.00850649
-0.0056662
-0.00372126
-0.00240125
-0.00151238
-0.000918878
-0.000526807
-0.000271597
-0.000108989
-8.66321e-06
5.0143e-05
8.16367e-05
9.55143e-05
9.83626e-05
9.46178e-05
8.72381e-05
7.81505e-05
6.8607e-05
5.93435e-05
5.08786e-05
4.3362e-05
3.71478e-05
3.21665e-05
2.8596e-05
2.87641e-05
3.15488e-05
0.100478
0.134681
0.061576
-0.0232272
-0.0818498
-0.108551
-0.110704
-0.0985495
-0.0805541
-0.0621264
-0.0459845
-0.0330416
-0.0232281
-0.016058
-0.0109487
-0.00736971
-0.0048929
-0.0031946
-0.00203952
-0.0012606
-0.000740798
-0.000398734
-0.000178024
-3.96659e-05
4.32936e-05
8.94493e-05
0.000111593
0.00011848
0.000116057
0.00010832
9.79015e-05
8.6531e-05
7.52453e-05
6.47808e-05
5.53727e-05
4.75214e-05
4.10984e-05
3.63994e-05
3.62109e-05
3.47425e-05
0.118149
0.150124
0.0626423
-0.0334377
-0.0980414
-0.126778
-0.128526
-0.114593
-0.0941755
-0.0731815
-0.0546417
-0.0396301
-0.0281281
-0.0196336
-0.0135156
-0.00918514
-0.006158
-0.0040622
-0.00262348
-0.00164446
-0.000985172
-0.000547174
-0.000261541
-8.01443e-05
3.05595e-05
9.38961e-05
0.000126028
0.000138097
0.000137721
0.000130062
0.000118545
0.000105446
9.2146e-05
7.96379e-05
6.82561e-05
5.86805e-05
5.06847e-05
4.47728e-05
4.40432e-05
3.80537e-05
0.134856
0.161053
0.0589194
-0.046561
-0.11502
-0.144349
-0.145061
-0.1293
-0.106707
-0.0834735
-0.0628291
-0.0459676
-0.0329211
-0.0231871
-0.0161045
-0.0110411
-0.00746755
-0.00497085
-0.00324205
-0.00205584
-0.00125049
-0.00071098
-0.000355945
-0.000128056
1.29765e-05
9.53743e-05
0.000138827
0.000156994
0.000159273
0.000152075
0.000139686
0.000124972
0.000109699
9.51399e-05
8.17395e-05
7.03901e-05
6.07148e-05
5.35622e-05
5.19915e-05
4.18871e-05
0.149971
0.166359
0.0497538
-0.0627638
-0.132661
-0.160973
-0.159922
-0.142245
-0.117728
-0.0926221
-0.0702251
-0.051796
-0.0374078
-0.0265692
-0.0186059
-0.0128588
-0.00876575
-0.00588158
-0.00386836
-0.00247648
-0.00152456
-0.000882166
-0.000456157
-0.000180296
-7.67846e-06
9.47867e-05
0.00015033
0.000175162
0.000180501
0.000174041
0.000160958
0.000144739
0.000127547
0.000110959
9.55283e-05
8.23923e-05
7.09567e-05
6.26001e-05
5.97514e-05
4.66678e-05
0.162773
0.16501
0.0347401
-0.0820082
-0.150771
-0.176408
-0.172832
-0.153118
-0.126917
-0.10032
-0.0765559
-0.0568844
-0.0414022
-0.029635
-0.0209102
-0.0145569
-0.0099934
-0.00675195
-0.00447248
-0.00288557
-0.00179312
-0.00105118
-0.000555924
-0.000232908
-2.90185e-05
9.34613e-05
0.000161167
0.000192786
0.000201314
0.00019571
0.000182032
0.000164386
0.000145331
0.000126755
0.000109312
9.44111e-05
8.11631e-05
7.17039e-05
6.70143e-05
5.27527e-05
0.17238
0.156088
0.0137769
-0.104023
-0.169067
-0.190441
-0.183606
-0.161725
-0.134061
-0.106346
-0.0816086
-0.0610422
-0.0447427
-0.0322534
-0.0229143
-0.0160567
-0.0110917
-0.00753887
-0.00502335
-0.00326111
-0.00204089
-0.00120758
-0.000648279
-0.000281381
-4.82474e-05
9.30217e-05
0.000172175
0.000210187
0.000221709
0.000216886
0.000202608
0.000183565
0.000162694
0.000142183
0.000122772
0.000106159
9.10792e-05
8.06746e-05
7.35054e-05
6.03352e-05
0.177666
0.138855
-0.0128842
-0.128295
-0.18718
-0.202882
-0.192147
-0.167981
-0.139053
-0.110568
-0.0852389
-0.0641276
-0.0473007
-0.0343142
-0.0245283
-0.0172872
-0.0120062
-0.0082015
-0.005491
-0.0035815
-0.0022526
-0.0013408
-0.000726085
-0.000321035
-6.24145e-05
9.52184e-05
0.000184289
0.000227761
0.000241737
0.00023741
0.000222407
0.000201941
0.000179286
0.0001569
0.000135589
0.000117346
0.000100451
8.9295e-05
7.90182e-05
6.93622e-05
0.17716
0.11284
-0.0446039
-0.15409
-0.204664
-0.213557
-0.198429
-0.171898
-0.141885
-0.112941
-0.0873742
-0.0660534
-0.0489869
-0.0357351
-0.0256808
-0.0181898
-0.0126903
-0.00870409
-0.00584863
-0.00382715
-0.00241421
-0.00144101
-0.000782637
-0.000347433
-6.8703e-05
0.000101734
0.000198416
0.000245896
0.000261452
0.000257129
0.00024116
0.000219189
0.000194762
0.000170569
0.000147449
0.00012768
0.000109035
9.73318e-05
8.3441e-05
7.94876e-05
0.168949
0.0779799
-0.0803425
-0.180495
-0.221025
-0.222313
-0.202481
-0.173566
-0.142631
-0.113501
-0.0880107
-0.0667875
-0.0497546
-0.0364648
-0.0263232
-0.0187216
-0.0131087
-0.00901852
-0.00607466
-0.00398196
-0.00251404
-0.00149996
-0.000812259
-0.000356807
-6.4724e-05
0.000113985
0.0002153
0.000264886
0.000280856
0.00027587
0.000258594
0.000234988
0.00020879
0.000182864
0.00015805
0.000136886
0.000116604
0.000104541
8.67658e-05
9.00763e-05
0.150563
0.0347919
-0.118681
-0.206482
-0.235757
-0.229013
-0.204375
-0.173129
-0.141436
-0.112353
-0.0872065
-0.0663509
-0.0495995
-0.0364851
-0.0264315
-0.0188584
-0.0132392
-0.00912628
-0.00615434
-0.00403462
-0.00254373
-0.00151167
-0.000810838
-0.000346443
-4.8785e-05
0.000132934
0.000235399
0.000284853
0.000299857
0.000293409
0.000274417
0.000249017
0.000221049
0.000193479
0.000167113
0.000144704
0.000122954
0.000110678
8.90777e-05
0.000100268
0.118868
-0.0154045
-0.157883
-0.230992
-0.248379
-0.233553
-0.204209
-0.170774
-0.138489
-0.109652
-0.0850712
-0.0648111
-0.0485572
-0.0358106
-0.0260077
-0.0185954
-0.0130748
-0.00901977
-0.00608083
-0.00397954
-0.00249899
-0.00147304
-0.000776241
-0.000314978
-2.01056e-05
0.000158944
0.000258789
0.000305682
0.000318224
0.000309454
0.000288311
0.000260957
0.000231232
0.000202129
0.000174385
0.000150902
0.000127911
0.000115512
9.05253e-05
0.000109092
0.0699627
-0.0702312
-0.196015
-0.253018
-0.25847
-0.235855
-0.202103
-0.166705
-0.134009
-0.10559
-0.0817539
-0.0622741
-0.0466984
-0.0344855
-0.025078
-0.0179476
-0.0126232
-0.00870282
-0.00585581
-0.00381735
-0.00238001
-0.00138413
-0.000708577
-0.000262602
2.10457e-05
0.000191683
0.000285096
0.000326984
0.000335569
0.000323631
0.000299927
0.000270489
0.000239055
0.000208563
0.000179648
0.000155286
0.000131336
0.000118844
9.12792e-05
0.000115618
-0.000910984
-0.125969
-0.231115
-0.271689
-0.265695
-0.235881
-0.198185
-0.161133
-0.128227
-0.100378
-0.0774303
-0.0588756
-0.0441223
-0.03258
-0.0236909
-0.0169478
-0.0119065
-0.00819032
-0.00548935
-0.00355491
-0.00219155
-0.0012483
-0.000610267
-0.000191106
7.33096e-05
0.000230095
0.000313486
0.000348087
0.000351345
0.000335493
0.000308894
0.000277306
0.000244262
0.000212566
0.000182727
0.000157706
0.000133123
0.000120527
9.14861e-05
0.00011911
-0.0701934
-0.177265
-0.261433
-0.286326
-0.269818
-0.233625
-0.192588
-0.154263
-0.121372
-0.0942374
-0.072291
-0.0547703
-0.0409494
-0.0301848
-0.0219132
-0.0156445
-0.0109597
-0.00750722
-0.00499922
-0.00320488
-0.00194262
-0.00107199
-0.000485917
-0.000103799
0.000134297
0.000272448
0.000342696
0.000368064
0.000364868
0.000344529
0.000314832
0.000281122
0.000246637
0.000213974
0.000183497
0.000158061
0.000133208
0.000120472
9.12321e-05
0.000119149
-0.116825
-0.21982
-0.285719
-0.296474
-0.270699
-0.22912
-0.185448
-0.14629
-0.113664
-0.0873833
-0.066531
-0.0501239
-0.0373139
-0.0274053
-0.0198256
-0.0140986
-0.00982793
-0.00668675
-0.00440967
-0.00278481
-0.00164587
-0.000864276
-0.000342006
-5.28742e-06
0.000200749
0.000316445
0.000371113
0.000385792
0.00037536
0.000350207
0.000317378
0.000281691
0.000246019
0.000212683
0.00018189
0.000156312
0.000131567
0.000118669
9.05207e-05
0.000115707
-0.146642
-0.252246
-0.303313
-0.301887
-0.268291
-0.22243
-0.176899
-0.137397
-0.105307
-0.0800213
-0.0603417
-0.0451041
-0.0333564
-0.0243553
-0.017518
-0.0123793
-0.00856374
-0.0057682
-0.00374971
-0.00231596
-0.00131671
-0.000636207
-0.000186406
9.88717e-05
0.000268779
0.0003594
0.000396906
0.000400039
0.00038201
0.000352005
0.000316212
0.00027883
0.00024231
0.000208653
0.000177905
0.000152479
0.000128221
0.000115176
8.9274e-05
0.000109148
-0.163575
-0.274401
-0.31397
-0.302484
-0.262622
-0.213649
-0.167082
-0.127752
-0.0964874
-0.0723418
-0.0539048
-0.0398748
-0.029218
-0.0211517
-0.0150842
-0.0105602
-0.00722373
-0.00479435
-0.00305124
-0.00182174
-0.000972141
-0.000400015
-2.78008e-05
0.000202592
0.00033418
0.000398451
0.000418168
0.00040957
0.000384048
0.000349472
0.000311092
0.000272435
0.000235496
0.000201924
0.000171607
0.000146648
0.000123239
0.000110125
8.73545e-05
0.000100161
-0.170567
-0.286706
-0.317708
-0.298311
-0.253789
-0.202904
-0.156138
-0.117513
-0.0873737
-0.064518
-0.0473883
-0.0345905
-0.0250341
-0.0179087
-0.0126174
-0.00871527
-0.00586523
-0.00380881
-0.00234687
-0.00132622
-0.000629648
-0.000168215
0.000124975
0.000299734
0.000392765
0.000430806
0.000433092
0.000413264
0.000380823
0.000342272
0.000301889
0.000262507
0.000225655
0.000192617
0.000163133
0.000138968
0.000116738
0.000103701
8.46023e-05
8.96366e-05
-0.169949
-0.28989
-0.314741
-0.289526
-0.241953
-0.190353
-0.144223
-0.106832
-0.0781211
-0.0567061
-0.0409442
-0.0293927
-0.0209305
-0.0147333
-0.0102056
-0.0069148
-0.00454303
-0.0028534
-0.00166792
-0.000852435
-0.00030593
4.72903e-05
0.000263586
0.000384576
0.000440699
0.000453977
0.000440132
0.000410224
0.000371874
0.000330231
0.000288613
0.000249166
0.000212966
0.000180936
0.00015269
0.000129644
0.000108881
9.61303e-05
8.088e-05
7.85227e-05
-0.163592
-0.284881
-0.305452
-0.276386
-0.227337
-0.17619
-0.131503
-0.0958592
-0.0688733
-0.0490466
-0.0347081
-0.0244071
-0.017019
-0.0117214
-0.00792785
-0.00522211
-0.00330651
-0.00196575
-0.00104251
-0.000421008
-1.58191e-05
0.000236033
0.000380803
0.000452251
0.000474814
0.000465993
0.000438149
0.000399874
0.000356999
0.000313383
0.000271436
0.00023266
0.000197708
0.00016717
0.000140553
0.000118938
9.98781e-05
8.76653e-05
7.61125e-05
6.76769e-05
-0.153
-0.272743
-0.290377
-0.259252
-0.210229
-0.160648
-0.118162
-0.0847487
-0.059766
-0.0416657
-0.0287982
-0.019742
-0.0133954
-0.00895437
-0.00585122
-0.00369064
-0.00219715
-0.00117732
-0.000493964
-4.88745e-05
0.000228653
0.000389669
0.000471001
0.000499106
0.000492856
0.000465573
0.000426524
0.000382033
0.000336289
0.000291983
0.000250701
0.000213368
0.000180264
0.000151683
0.000127053
0.000107153
8.9977e-05
7.85671e-05
7.03146e-05
5.77564e-05
-0.139382
-0.254617
-0.27019
-0.238589
-0.190982
-0.143997
-0.104407
-0.0736591
-0.0509295
-0.0346767
-0.0233152
-0.0154869
-0.0101371
-0.00649699
-0.00402823
-0.00236181
-0.00124673
-0.000511877
-3.96248e-05
0.000251622
0.000418945
0.000502484
0.000530525
0.00052295
0.000493655
0.00045224
0.000405231
0.000356952
0.000310158
0.000266521
0.000226921
0.000191792
0.000161103
0.000134905
0.000112573
9.46263e-05
7.94565e-05
6.90952e-05
6.36004e-05
4.91545e-05
-0.123714
-0.231685
-0.245689
-0.214959
-0.17002
-0.126551
-0.0904653
-0.0627564
-0.04249
-0.02818
-0.0183423
-0.0117109
-0.00730107
-0.00439551
-0.0024953
-0.00126352
-0.000476066
1.54997e-05
0.000309901
0.0004733
0.000550418
0.000571688
0.000557888
0.000523195
0.000477214
0.000426369
0.000374857
0.000325324
0.000279331
0.000237708
0.000200766
0.000168542
0.000140772
0.000117313
9.75238e-05
8.17137e-05
6.86141e-05
5.94996e-05
5.61738e-05
4.19926e-05
-0.106802
-0.205139
-0.217776
-0.18902
-0.147831
-0.108664
-0.0765853
-0.0522142
-0.0345694
-0.0222633
-0.013944
-0.00846236
-0.0049236
-0.00267673
-0.00127192
-0.000409533
0.000105496
0.000398776
0.000551031
0.000614329
0.000622464
0.000597484
0.000553813
0.00050086
0.000444698
0.000389163
0.000336579
0.000288257
0.00024482
0.000206452
0.000173033
0.000144312
0.000119865
9.94172e-05
8.23379e-05
6.87783e-05
5.77548e-05
5.0016e-05
4.83042e-05
3.61603e-05
-0.0893293
-0.17617
-0.187441
-0.161522
-0.124966
-0.0907287
-0.0630365
-0.0422112
-0.0272832
-0.0169995
-0.010165
-0.0057676
-0.00301925
-0.00134777
-0.000360535
0.000200515
0.00049996
0.000640835
0.000687039
0.000678075
0.000638351
0.000582941
0.000521107
0.000458469
0.000398344
0.000342583
0.000292098
0.000247212
0.000207872
0.000173809
0.000144614
0.000119852
9.90094e-05
8.17375e-05
6.74461e-05
5.61761e-05
4.71774e-05
4.08636e-05
4.0293e-05
3.13868e-05
-0.0719074
-0.145954
-0.155749
-0.133296
-0.102037
-0.0731724
-0.0501032
-0.0329267
-0.0207368
-0.012444
-0.00702857
-0.00363043
-0.00158103
-0.00039648
0.000252755
0.000580381
0.000719972
0.000752823
0.000727502
0.000672626
0.000604843
0.000533674
0.000464413
0.00039985
0.000341302
0.000289214
0.000243534
0.000203927
0.00016991
0.000140942
0.000116457
9.59313e-05
7.88311e-05
6.47836e-05
5.32633e-05
4.42438e-05
3.71643e-05
3.22446e-05
3.24398e-05
2.73257e-05
-0.0551112
-0.115659
-0.12383
-0.105251
-0.0797108
-0.0564508
-0.0380783
-0.0245349
-0.015021
-0.0086319
-0.00453494
-0.00203178
-0.000580996
0.000207442
0.000596905
0.000755894
0.000787615
0.000753109
0.00068742
0.00061009
0.000531634
0.000457407
0.000389864
0.000329867
0.000277424
0.000232112
0.000193308
0.00016032
0.000132455
0.000109057
8.95188e-05
7.33113e-05
5.99345e-05
4.9036e-05
4.01734e-05
3.32878e-05
2.79711e-05
2.43428e-05
2.50154e-05
2.36339e-05
-0.0395112
-0.086454
-0.0928768
-0.0783657
-0.0586978
-0.0410381
-0.0272543
-0.0171967
-0.0102059
-0.00557391
-0.00265997
-0.000929917
2.85624e-05
0.000510722
0.000714066
0.000763184
0.000732837
0.000665956
0.000586144
0.000505728
0.00043067
0.000363442
0.000304683
0.000254114
0.000211041
0.000174624
0.000144009
0.000118395
9.70556e-05
7.93537e-05
6.47287e-05
5.27116e-05
4.28784e-05
3.49298e-05
2.85174e-05
2.35762e-05
1.98209e-05
1.73238e-05
1.82458e-05
2.00301e-05
-0.0256946
-0.0595164
-0.0641503
-0.0536859
-0.0397449
-0.0274168
-0.0179129
-0.0110515
-0.00633497
-0.00325376
-0.00135435
-0.000261375
0.000313245
0.000574288
0.000657325
0.00064662
0.00059168
0.000520057
0.000446189
0.000377029
0.000315432
0.000262119
0.000216767
0.000178607
0.000146726
0.000120222
9.82708e-05
8.01462e-05
6.52239e-05
5.29755e-05
4.29523e-05
3.47874e-05
2.81596e-05
2.28422e-05
1.85851e-05
1.53333e-05
1.29001e-05
1.13347e-05
1.23108e-05
1.63287e-05
-0.0142704
-0.0360585
-0.0389885
-0.0323176
-0.0236223
-0.0160631
-0.010313
-0.00620846
-0.00342012
-0.00162588
-0.000543813
5.74369e-05
0.000354183
0.000470678
0.000488245
0.000456641
0.000404452
0.000347057
0.000292078
0.000242809
0.000200256
0.000164295
0.000134306
0.000109502
8.90917e-05
7.23552e-05
5.86643e-05
4.74872e-05
3.83795e-05
3.09742e-05
2.49667e-05
2.01122e-05
1.62013e-05
1.30867e-05
1.06111e-05
8.73808e-06
7.35795e-06
6.50395e-06
7.35699e-06
1.24465e-05
-0.00584753
-0.0173579
-0.0188305
-0.0154244
-0.0111092
-0.00743353
-0.00467998
-0.00273927
-0.00143808
-0.000614753
-0.000130391
0.000127864
0.000245272
0.000281311
0.000274408
0.000247668
0.000214037
0.000180216
0.000149301
0.00012243
9.9742e-05
8.09185e-05
6.54668e-05
5.28651e-05
4.26278e-05
3.43315e-05
2.76186e-05
2.21937e-05
1.78149e-05
1.42859e-05
1.14467e-05
9.17034e-06
7.34987e-06
5.91101e-06
4.77555e-06
3.92556e-06
3.30904e-06
2.94351e-06
3.52465e-06
8.38778e-06
-0.000972
-0.00480923
-0.0052498
-0.00422578
-0.00298121
-0.00195163
-0.00119674
-0.000673823
-0.000329299
-0.000116109
5.16583e-06
6.61016e-05
9.02622e-05
9.38602e-05
8.71909e-05
7.63046e-05
6.4481e-05
5.33276e-05
4.35094e-05
3.5196e-05
2.83184e-05
2.27087e-05
1.81726e-05
1.45235e-05
1.15967e-05
9.25309e-06
7.3782e-06
5.8793e-06
4.68175e-06
3.726e-06
2.96415e-06
2.35881e-06
1.87881e-06
1.50289e-06
1.20865e-06
9.91511e-07
8.36931e-07
7.49262e-07
9.86694e-07
4.21355e-06
0.
0.
0.
0.
0.
0.
0.
0.
0.
0.
0.
0.
0.
0.
0.
0.
0.
0.
0.
0.
0.
0.
0.
0.
0.
0.
0.
0.
0.
0.
0.
0.
0.
0.
0.
0.
0.
0.
0.
0.
9.25854
9.53857
12.3228
16.3745
20.2394
23.0548
24.6143
25.1104
24.867
24.1827
23.275
22.2802
21.274
20.2922
19.348
18.4428
17.5726
16.7315
15.9136
15.1137
14.3274
13.5514
12.7829
12.02
11.2611
10.5052
9.7513
8.99888
8.24747
7.49674
6.74648
5.9965
5.24671
4.49703
3.7474
2.9978
2.24821
1.49865
0.749122
-0.000209317
9.42447
9.80399
12.473
16.3599
20.1026
22.8611
24.4162
24.9377
24.7306
24.0818
23.2037
22.2315
21.2414
20.2709
19.3343
18.4341
17.5672
16.7282
15.9117
15.1126
14.3269
13.5512
12.7829
12.0201
11.2613
10.5054
9.75153
8.99909
8.24766
7.49691
6.74662
5.99663
5.24682
4.49712
3.74747
2.99786
2.24827
1.4987
0.749179
-0.000207174
9.55047
9.97739
12.576
16.3541
20.0079
22.7165
24.2587
24.7926
24.6101
23.9886
23.135
22.1826
21.2075
20.2478
19.3188
18.4239
17.5606
16.724
15.909
15.111
14.326
13.5507
12.7828
12.0201
11.2614
10.5056
9.7517
8.99926
8.24782
7.49706
6.74676
5.99675
5.24692
4.4972
3.74755
2.99793
2.24832
1.49875
0.749228
-0.000200136
9.61621
10.0642
12.6366
16.3602
19.9563
22.6202
24.1398
24.6725
24.503
23.9009
23.0673
22.1325
21.1716
20.2225
19.3014
18.412
17.5526
16.7187
15.9056
15.1088
14.3247
13.55
12.7824
12.02
11.2614
10.5056
9.75181
8.9994
8.24796
7.4972
6.74688
5.99686
5.24702
4.49729
3.74762
2.99799
2.24838
1.4988
0.749268
-0.00018748
9.60331
10.0682
12.6608
16.3831
19.9505
22.572
24.0572
24.5742
24.4063
23.8162
22.9987
22.0798
21.1325
20.1944
19.2814
18.3982
17.543
16.7122
15.9013
15.106
14.3228
13.5488
12.7817
12.0196
11.2613
10.5056
9.75187
8.9995
8.24808
7.49732
6.747
5.99697
5.24712
4.49738
3.7477
2.99805
2.24843
1.49884
0.749302
-0.000170364
9.49591
9.99257
12.6562
16.4292
19.9931
22.5712
24.0081
24.4943
24.3166
23.7318
22.927
22.0229
21.0893
20.1625
19.2585
18.3819
17.5317
16.7044
15.896
15.1025
14.3205
13.5474
12.7808
12.0191
11.261
10.5055
9.75187
8.99956
8.24818
7.49743
6.74712
5.99708
5.24722
4.49747
3.74778
2.99812
2.24849
1.49889
0.749329
-0.000151692
9.28092
9.84146
12.6325
16.5061
20.0865
22.6161
23.9891
24.4288
24.2304
23.6446
22.85
21.9601
21.0406
20.1261
19.232
18.3629
17.5183
16.6951
15.8895
15.0981
14.3176
13.5455
12.7796
12.0184
11.2606
10.5053
9.75181
8.99959
8.24825
7.49753
6.74722
5.99719
5.24732
4.49756
3.74786
2.99819
2.24855
1.49893
0.749351
-0.000135789
8.94797
9.62039
12.6016
16.6218
20.2318
22.7033
23.9954
24.3735
24.1441
23.552
22.7656
21.8898
20.9855
20.0845
19.2013
18.3408
17.5025
16.684
15.8819
15.0928
14.3141
13.5431
12.7781
12.0174
11.2601
10.505
9.75169
8.99958
8.24831
7.49762
6.74733
5.9973
5.24743
4.49766
3.74794
2.99826
2.24861
1.49898
0.749371
-0.000127748
8.48924
9.33707
12.5777
16.7845
20.4285
22.8278
24.0213
24.3236
24.0543
23.4517
22.6721
21.8111
20.923
20.0369
19.166
18.3151
17.4842
16.671
15.8728
15.0866
14.3098
13.5403
12.7762
12.0163
11.2593
10.5046
9.75151
8.99953
8.24834
7.4977
6.74743
5.99741
5.24754
4.49776
3.74804
2.99834
2.24867
1.49902
0.74939
-0.000132447
7.89908
9.00195
12.5773
17.0022
20.674
22.9821
24.0594
24.2738
23.9576
23.3414
22.5683
21.7228
20.8526
19.9829
19.1258
18.2858
17.463
16.656
15.8622
15.0792
14.3048
13.5369
12.774
12.0148
11.2585
10.5041
9.75126
8.99944
8.24835
7.49777
6.74754
5.99752
5.24765
4.49787
3.74814
2.99843
2.24874
1.49907
0.749409
-0.000153336
7.17368
8.62885
12.6187
17.2811
20.9628
23.1567
24.1013
24.2184
23.851
23.2197
22.4534
21.6247
20.7739
19.9223
19.0805
18.2525
17.439
16.6388
15.8501
15.0708
14.299
13.5329
12.7714
12.0131
11.2574
10.5035
9.75094
8.99931
8.24834
7.49784
6.74764
5.99765
5.24778
4.49799
3.74824
2.99852
2.24882
1.49912
0.749432
-0.000191227
6.31069
8.23564
12.7216
17.6255
21.2869
23.34
24.1379
24.1518
23.7314
23.0853
22.327
21.5168
20.6871
19.8552
19.0301
18.2153
17.412
16.6195
15.8364
15.0612
14.2923
13.5284
12.7683
12.0112
11.2562
10.5028
9.75054
8.99913
8.24831
7.49789
6.74774
5.99777
5.24791
4.49812
3.74836
2.99862
2.2489
1.49918
0.749459
-0.000243398
5.30888
7.84503
12.9057
18.0361
21.6354
23.5194
24.1593
24.0683
23.5964
22.9377
22.1894
21.3995
20.5927
19.7821
18.9749
18.1745
17.3823
16.5981
15.8212
15.0505
14.2849
13.5233
12.7649
12.0089
11.2548
10.5019
9.75007
8.99892
8.24826
7.49794
6.74785
5.99791
5.24805
4.49826
3.74849
2.99873
2.24899
1.49924
0.749493
-0.000303297
4.16782
7.48544
13.1891
18.509
21.9944
23.6815
24.1563
23.9628
23.444
22.7764
22.0411
21.2737
20.4914
19.7034
18.9154
18.1304
17.35
16.5748
15.8046
15.0388
14.2767
13.5177
12.7611
12.0064
11.2532
10.501
9.74954
8.99867
8.24819
7.49798
6.74796
5.99805
5.24821
4.49841
3.74863
2.99885
2.24909
1.49931
0.749533
-0.000361081
2.88737
7.19149
13.5863
19.0348
22.3481
23.8129
24.1203
23.831
23.2726
22.6019
21.8831
21.1405
20.3843
19.6202
18.8522
18.0833
17.3155
16.5498
15.7867
15.0261
14.2678
13.5116
12.757
12.0037
11.2514
10.4999
9.74894
8.99838
8.2481
7.49802
6.74807
5.99819
5.24837
4.49856
3.74877
2.99898
2.24919
1.49938
0.749581
-0.000405016
1.46695
7.004
14.1051
19.5982
22.6791
23.9012
24.0444
23.6697
23.0818
22.4148
21.7167
21.0013
20.2727
19.5334
18.7862
18.0341
17.2792
16.5234
15.7677
15.0126
14.2584
13.5051
12.7526
12.0008
11.2496
10.4988
9.7483
8.99807
8.24801
7.49806
6.74818
5.99835
5.24854
4.49873
3.74893
2.99912
2.24931
1.49947
0.749637
-0.000423547
-0.0963084
6.96842
14.7438
20.1785
22.9697
23.9361
23.9234
23.4773
22.8717
22.2163
21.5435
20.8577
20.1579
19.4441
18.7183
17.9832
17.2417
16.4961
15.748
14.9986
14.2486
13.4983
12.748
11.9977
11.2476
10.4976
9.74762
8.99774
8.2479
7.4981
6.7483
5.99851
5.24872
4.49891
3.74909
2.99926
2.24943
1.49956
0.7497
-0.000407657
-1.81102
7.13096
15.4888
20.7503
23.203
23.9095
23.7547
23.2536
22.6433
22.008
21.3652
20.7114
20.0415
19.3537
18.6494
17.9316
17.2035
16.4682
15.7279
14.9843
14.2385
13.4913
12.7432
11.9946
11.2456
10.4963
9.74692
8.9974
8.2478
7.49814
6.74843
5.99869
5.24891
4.4991
3.74927
2.99941
2.24955
1.49966
0.749768
-0.000352966
-3.69854
7.53074
16.3124
21.2859
23.3647
23.8166
23.5378
22.9999
22.3986
21.7919
21.1837
20.5641
19.925
19.2634
18.5806
17.8799
17.1653
16.4402
15.7077
14.9699
14.2283
13.4843
12.7385
11.9914
11.2435
10.4951
9.74623
8.99707
8.24771
7.4982
6.74857
5.99887
5.2491
4.49929
3.74945
2.99957
2.24968
1.49976
0.749842
-0.000261062
-5.80581
8.18621
17.1744
21.758
23.444
23.6558
23.275
22.7194
22.1403
21.5703
21.001
20.4175
19.8096
19.1742
18.5127
17.829
17.1275
16.4126
15.6877
14.9556
14.2183
13.4773
12.7337
11.9883
11.2415
10.4939
9.74555
8.99676
8.24763
7.49826
6.74872
5.99906
5.24931
4.49949
3.74963
2.99974
2.24982
1.49987
0.749919
-0.00013967
-6.79237
9.08375
18.0283
22.1433
23.4345
23.4289
22.9707
22.416
21.8717
21.3457
20.8191
20.2731
19.6969
19.0874
18.4468
17.7795
17.0908
16.3857
15.6682
14.9417
14.2085
13.4705
12.7291
11.9853
11.2396
10.4927
9.74492
8.99647
8.24757
7.49834
6.74888
5.99926
5.24952
4.4997
3.74982
2.9999
2.24995
1.49998
0.749999
-1.54991e-06
-6.17181
10.1645
18.8309
22.4251
23.3349
23.1411
22.6309
22.0953
21.5968
21.121
20.64
20.1325
19.5879
19.0039
18.3834
17.732
17.0557
16.36
15.6496
14.9284
14.1991
13.4641
12.7248
11.9824
11.2378
10.4916
9.74434
8.99623
8.24754
7.49844
6.74906
5.99947
5.24974
4.49991
3.75001
3.00007
2.25009
1.5001
0.750078
0.000137685
-4.69304
11.3675
19.55
22.5947
23.1487
22.8
22.2636
21.7631
21.3197
20.8989
20.4655
19.9971
19.4837
18.9244
18.3234
17.6871
17.0225
16.3357
15.6321
14.9159
14.1904
13.458
12.7207
11.9797
11.2361
10.4907
9.74383
8.99603
8.24754
7.49856
6.74924
5.99969
5.24996
4.50012
3.75021
3.00024
2.25023
1.50021
0.750157
0.000262357
-2.36477
12.6676
20.1695
22.6517
22.8842
22.4159
21.8776
21.4262
21.0449
20.6823
20.2976
19.8681
19.3852
18.8498
18.2672
17.6453
16.9916
16.3131
15.6158
14.9043
14.1823
13.4524
12.7169
11.9773
11.2346
10.4898
9.74339
8.99588
8.24757
7.4987
6.74944
5.99991
5.25019
4.50033
3.7504
3.0004
2.25036
1.50032
0.750233
0.00035949
0.686186
14.0526
20.6864
22.6035
22.5531
22.0005
21.4821
21.0909
20.7766
20.4737
20.1377
19.7464
19.2931
18.7803
18.2153
17.6067
16.9632
16.2925
15.6009
14.8938
14.1749
13.4474
12.7136
11.9751
11.2333
10.489
9.74304
8.99578
8.24763
7.49886
6.74965
6.00013
5.25041
4.50054
3.75058
3.00056
2.25049
1.50042
0.750304
0.00042096
4.27225
15.5067
21.1063
22.4628
22.1702
21.5665
21.0867
20.7639
20.519
20.2758
19.9875
19.633
19.2079
18.7166
18.1678
17.5716
16.9375
16.2738
15.5876
14.8843
14.1683
13.443
12.7106
11.9732
11.2322
10.4884
9.74277
8.99574
8.24773
7.49903
6.74986
6.00036
5.25063
4.50075
3.75076
3.00072
2.25062
1.50051
0.75037
0.000444558
8.18201
17.0044
21.4395
22.2466
21.7519
21.1267
20.7005
20.4509
20.2756
20.0905
19.848
19.5286
19.1299
18.6586
18.1249
17.5401
16.9145
16.2572
15.5758
14.876
14.1626
13.4391
12.7081
11.9716
11.2312
10.4879
9.74258
8.99574
8.24785
7.49922
6.75008
6.00058
5.25084
4.50094
3.75094
3.00086
2.25074
1.5006
0.750429
0.000433832
12.2046
18.5106
21.698
21.9745
21.3153
20.6938
20.3316
20.1572
20.0495
19.9197
19.7203
19.4336
19.0595
18.6066
18.0866
17.5121
16.8942
16.2427
15.5654
14.8688
14.1576
13.4358
12.7059
11.9703
11.2305
10.4876
9.74247
8.99579
8.24799
7.49942
6.75029
6.0008
5.25105
4.50113
3.7511
3.001
2.25085
1.50068
0.75048
0.00039682
16.1458
19.9834
21.8941
21.6667
20.8772
20.2792
19.9873
19.8869
19.8432
19.7647
19.6049
19.3482
18.9966
18.5604
18.0529
17.4876
16.8765
16.23
15.5565
14.8626
14.1535
13.433
12.7042
11.9693
11.2299
10.4873
9.74243
8.99588
8.24816
7.49962
6.75051
6.00101
5.25125
4.50131
3.75126
3.00113
2.25096
1.50075
0.750524
0.000344076
19.8387
21.3778
22.0382
21.3426
20.4529
19.8925
19.673
19.643
19.6582
19.6263
19.5023
19.2726
18.9412
18.52
18.0236
17.4664
16.8614
16.2193
15.549
14.8574
14.15
13.4307
12.7027
11.9684
11.2295
10.4872
9.74244
8.996
8.24834
7.49982
6.75072
6.00121
5.25143
4.50148
3.7514
3.00126
2.25105
1.50082
0.750561
0.000286473
23.151
22.6499
22.1385
21.0193
20.0555
19.5412
19.3925
19.4273
19.4953
19.5047
19.4124
19.2066
18.8931
18.4851
17.9984
17.4483
16.8485
16.2103
15.5427
14.8532
14.1471
13.4289
12.7016
11.9678
11.2292
10.4871
9.74251
8.99614
8.24852
7.50003
6.75092
6.0014
5.25161
4.50163
3.75154
3.00137
2.25114
1.50088
0.750591
0.000233293
25.9883
23.7615
22.2002
20.7104
19.6942
19.2299
19.1474
19.2403
19.3544
19.3997
19.3349
19.15
18.852
18.4554
17.9771
17.4332
16.8379
16.2028
15.5376
14.8497
14.1449
13.4275
12.7008
11.9674
11.229
10.4871
9.74262
8.99631
8.24872
7.50023
6.75112
6.00159
5.25177
4.50178
3.75166
3.00147
2.25122
1.50094
0.750617
0.000190941
28.2963
24.683
22.2256
20.4247
19.3746
18.9603
18.9376
19.0809
19.2347
19.3106
19.2693
19.1022
18.8175
18.4307
17.9596
17.4209
16.8292
16.1969
15.5336
14.8471
14.1432
13.4265
12.7003
11.9671
11.229
10.4872
9.74277
8.9965
8.24892
7.50043
6.75131
6.00176
5.25193
4.50191
3.75178
3.00157
2.2513
1.50099
0.750641
0.000162441
30.0602
25.3964
22.2147
20.1661
19.0977
18.7309
18.7607
18.9472
19.1346
19.2364
19.2149
19.0629
18.7893
18.4107
17.9455
17.411
16.8225
16.1923
15.5306
14.8451
14.142
13.4258
12.6999
11.967
11.229
10.4873
9.74296
8.99671
8.24913
7.50063
6.75149
6.00193
5.25208
4.50204
3.75188
3.00165
2.25137
1.50104
0.750664
0.000147675
31.3022
25.8959
22.1649
19.9327
18.8597
18.5372
18.6127
18.8362
19.052
19.1757
19.1708
19.0312
18.7669
18.395
17.9346
17.4036
16.8175
16.189
15.5285
14.8439
14.1413
13.4254
12.6998
11.9671
11.2292
10.4875
9.74319
8.99694
8.24935
7.50083
6.75168
6.00209
5.25222
4.50216
3.75199
3.00174
2.25144
1.50109
0.750688
0.000144152
32.0778
26.1884
22.0723
19.7178
18.6529
18.3721
18.4881
18.7439
18.9844
19.1268
19.136
19.0068
18.75
18.3835
17.9269
17.3985
16.8142
16.187
15.5273
14.8432
14.141
13.4254
12.7
11.9673
11.2295
10.4878
9.74346
8.9972
8.24959
7.50104
6.75186
6.00225
5.25235
4.50227
3.75208
3.00182
2.2515
1.50114
0.750717
0.000148055
32.469
26.2918
21.9311
19.5098
18.466
18.2267
18.3806
18.6662
18.9292
19.0882
19.1096
18.989
18.7383
18.3759
17.9221
17.3956
16.8125
16.1861
15.527
14.8433
14.1413
13.4258
12.7004
11.9677
11.2298
10.4882
9.74378
8.99749
8.24984
7.50126
6.75205
6.00241
5.25248
4.50239
3.75217
3.0019
2.25157
1.50119
0.750752
0.000155287
32.5757
26.2321
21.7348
19.2939
18.2855
18.0911
18.2837
18.599
18.8838
19.0584
19.0906
18.9774
18.7314
18.3721
17.9203
17.3949
16.8125
16.1865
15.5276
14.8439
14.142
13.4264
12.701
11.9683
11.2303
10.4886
9.74416
8.99781
8.25012
7.5015
6.75224
6.00257
5.25262
4.5025
3.75227
3.00197
2.25163
1.50124
0.750796
0.000162349
32.5046
26.0395
21.4753
19.0535
18.0974
17.9559
18.1913
18.5385
18.846
19.0361
19.0784
18.9715
18.7293
18.3721
17.9213
17.3965
16.8142
16.1882
15.5291
14.8453
14.1432
13.4275
12.7019
11.9691
11.231
10.4891
9.74461
8.99818
8.25042
7.50175
6.75245
6.00274
5.25276
4.50261
3.75236
3.00205
2.25169
1.5013
0.750849
0.000166969
32.3549
25.7419
21.1437
18.7728
17.8895
17.8131
18.0988
18.4821
18.8144
19.0205
19.0726
18.9712
18.7318
18.3759
17.9253
17.4003
16.8177
16.1912
15.5316
14.8474
14.1449
13.4289
12.7031
11.97
11.2318
10.4898
9.74513
8.9986
8.25076
7.50202
6.75267
6.00292
5.2529
4.50273
3.75246
3.00213
2.25176
1.50136
0.750914
0.000168542
