Vec Object: 1 MPI processes
  type: seq
0.
0.356365
0.374831
0.37502
0.37502
0.
0.722304
0.749501
0.750006
0.750006
1.125
0.767836
0.750335
0.749992
0.749992
1.125
0.403496
0.375333
0.374982
0.374982
0.
0.
0.
0.
-0.0712729
-0.00369327
-3.77819e-05
3.76094e-18
-0.215734
-0.00913276
-0.000138767
-3.11779e-18
-0.144301
-0.00563243
-7.03089e-05
-9.99632e-18
0.
0.
0.
0.
22.2218
15.0157
7.50123
-1.50438e-17
21.9627
14.9985
7.5004
-5.76024e-17
22.9284
15.0026
7.49966
-5.76017e-17
23.2882
14.9899
7.49879
9.89776e-18
